version 3
run General-0-20230316-07:20:33-10161
attr configname General
attr datetime 20230316-07:20:33
attr datetimef 20230316-072033
attr experiment General
attr inifile tCPNet.ini
attr iterationvars ""
attr iterationvarsd ""
attr iterationvarsf ""
attr measurement ""
attr network TCPNet
attr processid 10161
attr repetition 0
attr replication #0
attr resultdir results
attr runnumber 0
attr seedset 0
config network TCPNet

vector 0 TCPNet.server[0] "" ETV
0	5	0.032634	0.000634
0	10	0.064634	0.000634
0	15	0.096634	0.000634
0	20	0.128634	0.000634
0	25	0.160634	0.000634
0	30	0.192634	0.000634
0	35	0.224634	0.000634
0	40	0.256634	0.000634
0	45	0.288634	0.000634
0	50	0.320634	0.000634
0	55	0.352634	0.000634
0	60	0.384634	0.000634
0	65	0.416634	0.000634
0	70	0.448634	0.000634
0	75	0.480634	0.000634
0	92	0.500884	0.000634
0	98	0.501204	0.000704
0	105	0.501524	0.000774
0	112	0.501844	0.000844
0	118	0.502164	0.000914
0	124	0.502484	0.000984
0	132	0.502804	0.001054
0	138	0.503124	0.001124
0	144	0.503444	0.001194
0	151	0.503764	0.001264
0	158	0.504084	0.001334
0	164	0.504404	0.001404
0	170	0.504724	0.001474
0	178	0.505044	0.001544
0	184	0.505364	0.001614
0	190	0.505684	0.001684
0	197	0.506004	0.001754
0	204	0.506324	0.001824
0	210	0.506644	0.001894
0	216	0.506964	0.001964
0	224	0.507284	0.002034
0	230	0.507604	0.002104
0	236	0.507924	0.002174
0	242	0.508244	0.002244
0	250	0.508564	0.002314
0	256	0.508884	0.002384
0	262	0.509204	0.002454
0	269	0.509524	0.002524
0	276	0.509844	0.002594
0	282	0.510164	0.002664
0	288	0.510484	0.002734
0	296	0.510804	0.002804
0	302	0.511124	0.002874
0	308	0.511444	0.002944
0	315	0.511764	0.003014
0	322	0.512084	0.003084
0	328	0.512404	0.003154
0	334	0.512724	0.003224
0	342	0.513044	0.003294
0	348	0.513364	0.003364
0	354	0.513684	0.003434
0	361	0.514004	0.003504
0	368	0.514324	0.003574
0	374	0.514644	0.003644
0	380	0.514964	0.003714
0	388	0.515284	0.003784
0	394	0.515604	0.003854
0	400	0.515924	0.003924
0	406	0.516244	0.003994
0	414	0.516564	0.004064
0	420	0.516884	0.004134
0	426	0.517204	0.004204
0	433	0.517524	0.004274
0	440	0.517844	0.004344
0	446	0.518164	0.004414
0	452	0.518484	0.004484
0	460	0.518804	0.004554
0	466	0.519124	0.004624
0	472	0.519444	0.004694
0	479	0.519764	0.004764
0	486	0.520084	0.004834
0	492	0.520404	0.004904
0	498	0.520724	0.004974
0	506	0.521044	0.005044
0	512	0.521364	0.005114
0	518	0.521684	0.005184
0	525	0.522004	0.005254
0	532	0.522324	0.005324
0	538	0.522644	0.005394
0	544	0.522964	0.005464
0	552	0.523284	0.005534
0	558	0.523604	0.005604
0	564	0.523924	0.005674
0	570	0.524244	0.005744
0	578	0.524564	0.005814
0	584	0.524884	0.005884
0	590	0.525204	0.005954
0	597	0.525524	0.006024
0	604	0.525844	0.006094
0	610	0.526164	0.006164
0	616	0.526484	0.006234
0	624	0.526804	0.006304
0	630	0.527124	0.006374
0	636	0.527444	0.006444
0	643	0.527764	0.006514
0	650	0.528084	0.006584
0	656	0.528404	0.006654
0	662	0.528724	0.006724
0	670	0.529044	0.006794
0	676	0.529364	0.006864
0	682	0.529684	0.006934
0	689	0.530004	0.007004
0	696	0.530324	0.007074
0	702	0.530644	0.007144
0	708	0.530964	0.007214
0	716	0.531284	0.007284
0	722	0.531604	0.007354
0	728	0.531924	0.007424
0	734	0.532244	0.007494
0	742	0.532564	0.007564
0	748	0.532884	0.007634
0	754	0.533204	0.007704
0	761	0.533524	0.007774
0	768	0.533844	0.007844
0	774	0.534164	0.007914
0	780	0.534484	0.007984
0	788	0.534804	0.008054
0	794	0.535124	0.008124
0	800	0.535444	0.008194
0	807	0.535764	0.008264
0	814	0.536084	0.008334
0	820	0.536404	0.008404
0	826	0.536724	0.008474
0	834	0.537044	0.008544
0	840	0.537364	0.008614
0	846	0.537684	0.008684
0	853	0.538004	0.008754
0	860	0.538324	0.008824
0	866	0.538644	0.008894
0	872	0.538964	0.008964
0	880	0.539284	0.009034
0	886	0.539604	0.009104
0	892	0.539924	0.009174
0	898	0.540244	0.009244
0	906	0.540564	0.009314
0	912	0.540884	0.009384
0	918	0.541204	0.009454
0	925	0.541524	0.009524
0	932	0.541844	0.009594
0	938	0.542164	0.009664
0	944	0.542484	0.009734
0	952	0.542804	0.009804
0	958	0.543124	0.009874
0	964	0.543444	0.009944
0	971	0.543764	0.010014
0	978	0.544084	0.010084
0	984	0.544404	0.010154
0	990	0.544724	0.010224
0	998	0.545044	0.010294
0	1004	0.545364	0.010364
0	1010	0.545684	0.010434
0	1017	0.546004	0.010504
0	1024	0.546324	0.010574
0	1030	0.546644	0.010644
0	1036	0.546964	0.010714
0	1044	0.547284	0.010784
0	1050	0.547604	0.010854
0	1056	0.547924	0.010924
0	1062	0.548244	0.010994
0	1070	0.548564	0.011064
0	1076	0.548884	0.011134
0	1082	0.549204	0.011204
0	1089	0.549524	0.011274
0	1096	0.549844	0.011344
0	1102	0.550164	0.011414
0	1108	0.550484	0.011484
0	1116	0.550804	0.011554
0	1122	0.551124	0.011624
0	1128	0.551444	0.011694
0	1135	0.551764	0.011764
0	1142	0.552084	0.011834
0	1148	0.552404	0.011904
0	1154	0.552724	0.011974
0	1162	0.553044	0.012044
0	1168	0.553364	0.012114
0	1174	0.553684	0.012184
0	1181	0.554004	0.012254
0	1188	0.554324	0.012324
0	1194	0.554644	0.012394
0	1200	0.554964	0.012464
0	1208	0.555284	0.012534
0	1214	0.555604	0.012604
0	1220	0.555924	0.012674
0	1226	0.556244	0.012744
0	1234	0.556564	0.012814
0	1240	0.556884	0.012884
0	1246	0.557204	0.012954
0	1253	0.557524	0.013024
0	1260	0.557844	0.013094
0	1266	0.558164	0.013164
0	1272	0.558484	0.013234
0	1280	0.558804	0.013304
0	1286	0.559124	0.013374
0	1292	0.559444	0.013444
0	1299	0.559764	0.013514
0	1306	0.560084	0.013584
0	1312	0.560404	0.013654
0	1318	0.560724	0.013724
0	1326	0.561044	0.013794
0	1332	0.561364	0.013864
0	1338	0.561684	0.013934
0	1345	0.562004	0.014004
0	1352	0.562324	0.014074
0	1358	0.562644	0.014144
0	1364	0.562964	0.014214
0	1372	0.563284	0.014284
0	1378	0.563604	0.014354
0	1384	0.563924	0.014424
0	1390	0.564244	0.014494
0	1398	0.564564	0.014564
0	1404	0.564884	0.014634
0	1410	0.565204	0.014704
0	1417	0.565524	0.014774
0	1424	0.565844	0.014844
0	1430	0.566164	0.014914
0	1436	0.566484	0.014984
0	1444	0.566804	0.015054
0	1450	0.567124	0.015124
0	1456	0.567444	0.015194
0	1463	0.567764	0.015264
0	1470	0.568084	0.015334
0	1476	0.568404	0.015404
0	1482	0.568724	0.015474
0	1490	0.569044	0.015544
0	1496	0.569364	0.015614
0	1502	0.569684	0.015684
0	1509	0.570004	0.015754
0	1516	0.570324	0.015824
0	1522	0.570644	0.015894
0	1528	0.570964	0.015964
0	1536	0.571284	0.016034
0	1542	0.571604	0.016104
0	1548	0.571924	0.016174
0	1554	0.572244	0.016244
0	1562	0.572564	0.016314
0	1568	0.572884	0.016384
0	1574	0.573204	0.016454
0	1581	0.573524	0.016524
0	1588	0.573844	0.016594
0	1594	0.574164	0.016664
0	1600	0.574484	0.016734
0	1608	0.574804	0.016804
0	1614	0.575124	0.016874
0	1620	0.575444	0.016944
0	1627	0.575764	0.017014
0	1634	0.576084	0.017084
0	1640	0.576404	0.017154
0	1646	0.576724	0.017224
0	1654	0.577044	0.017294
0	1660	0.577364	0.017364
0	1666	0.577684	0.017434
0	1673	0.578004	0.017504
0	1680	0.578324	0.017574
0	1686	0.578644	0.017644
0	1692	0.578964	0.017714
0	1700	0.579284	0.017784
0	1706	0.579604	0.017854
0	1712	0.579924	0.017924
0	1718	0.580244	0.017994
0	1726	0.580564	0.018064
0	1732	0.580884	0.018134
0	1738	0.581204	0.018204
0	1745	0.581524	0.018274
0	1752	0.581844	0.018344
0	1758	0.582164	0.018414
0	1764	0.582484	0.018484
0	1772	0.582804	0.018554
0	1778	0.583124	0.018624
0	1784	0.583444	0.018694
0	1791	0.583764	0.018764
0	1798	0.584084	0.018834
0	1804	0.584404	0.018904
0	1810	0.584724	0.018974
0	1818	0.585044	0.019044
0	1824	0.585364	0.019114
0	1830	0.585684	0.019184
0	1837	0.586004	0.019254
0	1844	0.586324	0.019324
0	1850	0.586644	0.019394
0	1856	0.586964	0.019464
0	1864	0.587284	0.019534
0	1870	0.587604	0.019604
0	1876	0.587924	0.019674
0	1882	0.588244	0.019744
0	1890	0.588564	0.019814
0	1896	0.588884	0.019884
0	1902	0.589204	0.019954
0	1909	0.589524	0.020024
0	1916	0.589844	0.020094
0	1922	0.590164	0.020164
0	1928	0.590484	0.020234
0	1936	0.590804	0.020304
0	1942	0.591124	0.020374
0	1948	0.591444	0.020444
0	1955	0.591764	0.020514
0	1962	0.592084	0.020584
0	1968	0.592404	0.020654
0	1974	0.592724	0.020724
0	1982	0.593044	0.020794
0	1988	0.593364	0.020864
0	1994	0.593684	0.020934
0	2001	0.594004	0.021004
0	2008	0.594324	0.021074
0	2014	0.594644	0.021144
0	2020	0.594964	0.021214
0	2028	0.595284	0.021284
0	2034	0.595604	0.021354
0	2040	0.595924	0.021424
0	2046	0.596244	0.021494
0	2054	0.596564	0.021564
0	2060	0.596884	0.021634
0	2066	0.597204	0.021704
0	2073	0.597524	0.021774
0	2080	0.597844	0.021844
0	2086	0.598164	0.021914
0	2092	0.598484	0.021984
0	2100	0.598804	0.022054
0	2106	0.599124	0.022124
0	2112	0.599444	0.022194
0	2119	0.599764	0.022264
0	2126	0.600084	0.022334
0	2132	0.600404	0.022404
0	2138	0.600724	0.022474
0	2146	0.601044	0.022544
0	2152	0.601364	0.022614
0	2158	0.601684	0.022684
0	2165	0.602004	0.022754
0	2172	0.602324	0.022824
0	2178	0.602644	0.022894
0	2184	0.602964	0.022964
0	2192	0.603284	0.023034
0	2198	0.603604	0.023104
0	2204	0.603924	0.023174
0	2210	0.604244	0.023244
0	2218	0.604564	0.023314
0	2224	0.604884	0.023384
0	2230	0.605204	0.023454
0	2237	0.605524	0.023524
0	2244	0.605844	0.023594
0	2250	0.606164	0.023664
0	2256	0.606484	0.023734
0	2264	0.606804	0.023804
0	2270	0.607124	0.023874
0	2276	0.607444	0.023944
0	2283	0.607764	0.024014
0	2290	0.608084	0.024084
0	2296	0.608404	0.024154
0	2302	0.608724	0.024224
0	2310	0.609044	0.024294
0	2316	0.609364	0.024364
0	2322	0.609684	0.024434
0	2329	0.610004	0.024504
0	2336	0.610324	0.024574
0	2342	0.610644	0.024644
0	2348	0.610964	0.024714
0	2356	0.611284	0.024784
0	2362	0.611604	0.024854
0	2368	0.611924	0.024924
0	2374	0.612244	0.024994
0	2382	0.612564	0.025064
0	2388	0.612884	0.025134
0	2394	0.613204	0.025204
0	2401	0.613524	0.025274
0	2408	0.613844	0.025344
0	2414	0.614164	0.025414
0	2420	0.614484	0.025484
0	2428	0.614804	0.025554
0	2434	0.615124	0.025624
0	2440	0.615444	0.025694
0	2447	0.615764	0.025764
0	2454	0.616084	0.025834
0	2460	0.616404	0.025904
0	2466	0.616724	0.025974
0	2474	0.617044	0.026044
0	2480	0.617364	0.026114
0	2486	0.617684	0.026184
0	2493	0.618004	0.026254
0	2500	0.618324	0.026324
0	2506	0.618644	0.026394
0	2512	0.618964	0.026464
0	2520	0.619284	0.026534
0	2526	0.619604	0.026604
0	2532	0.619924	0.026674
0	2538	0.620244	0.026744
0	2546	0.620564	0.026814
0	2552	0.620884	0.026884
0	2558	0.621204	0.026954
0	2565	0.621524	0.027024
0	2572	0.621844	0.027094
0	2578	0.622164	0.027164
0	2584	0.622484	0.027234
0	2592	0.622804	0.027304
0	2598	0.623124	0.027374
0	2604	0.623444	0.027444
0	2611	0.623764	0.027514
0	2618	0.624084	0.027584
0	2624	0.624404	0.027654
0	2630	0.624724	0.027724
0	2638	0.625044	0.027794
0	2644	0.625364	0.027864
0	2650	0.625684	0.027934
0	2657	0.626004	0.028004
0	2664	0.626324	0.028074
0	2670	0.626644	0.028144
0	2676	0.626964	0.028214
0	2684	0.627284	0.028284
0	2690	0.627604	0.028354
0	2696	0.627924	0.028424
0	2702	0.628244	0.028494
0	2710	0.628564	0.028564
0	2716	0.628884	0.028634
0	2722	0.629204	0.028704
0	2729	0.629524	0.028774
0	2736	0.629844	0.028844
0	2742	0.630164	0.028914
0	2748	0.630484	0.028984
0	2756	0.630804	0.029054
0	2762	0.631124	0.029124
0	2768	0.631444	0.029194
0	2775	0.631764	0.029264
0	2782	0.632084	0.029334
0	2788	0.632404	0.029404
0	2794	0.632724	0.029474
0	2802	0.633044	0.029544
0	2808	0.633364	0.029614
0	2814	0.633684	0.029684
0	2821	0.634004	0.029754
0	2828	0.634324	0.029824
0	2834	0.634644	0.029894
0	2840	0.634964	0.029964
0	2848	0.635284	0.030034
0	2854	0.635604	0.030104
0	2860	0.635924	0.030174
0	2866	0.636244	0.030244
0	2874	0.636564	0.030314
0	2880	0.636884	0.030384
0	2886	0.637204	0.030454
0	2893	0.637524	0.030524
0	2900	0.637844	0.030594
0	2906	0.638164	0.030664
0	2912	0.638484	0.030734
0	2920	0.638804	0.030804
0	2926	0.639124	0.030874
0	2932	0.639444	0.030944
0	2939	0.639764	0.031014
0	2946	0.640084	0.031084
0	2952	0.640404	0.031154
0	2958	0.640724	0.031224
0	2966	0.641044	0.031294
0	2972	0.641364	0.031364
0	2978	0.641684	0.031434
0	2985	0.642004	0.031504
0	2992	0.642324	0.031574
0	2998	0.642644	0.031644
0	3004	0.642964	0.031714
0	3012	0.643284	0.031784
0	3018	0.643604	0.031854
0	3024	0.643924	0.031924
0	3030	0.644244	0.031994
0	3038	0.644564	0.032064
0	3044	0.644884	0.032134
0	3050	0.645204	0.032204
0	3057	0.645524	0.032274
0	3064	0.645844	0.032344
0	3070	0.646164	0.032414
0	3076	0.646484	0.032484
0	3084	0.646804	0.032554
0	3090	0.647124	0.032624
0	3096	0.647444	0.032694
0	3103	0.647764	0.032764
0	3110	0.648084	0.032834
0	3116	0.648404	0.032904
0	3122	0.648724	0.032974
0	3130	0.649044	0.033044
0	3136	0.649364	0.033114
0	3142	0.649684	0.033184
0	3149	0.650004	0.033254
0	3156	0.650324	0.033324
0	3162	0.650644	0.033394
0	3168	0.650964	0.033464
0	3176	0.651284	0.033534
0	3182	0.651604	0.033604
0	3188	0.651924	0.033674
0	3194	0.652244	0.033744
0	3202	0.652564	0.033814
0	3208	0.652884	0.033884
0	3214	0.653204	0.033954
0	3221	0.653524	0.034024
0	3228	0.653844	0.034094
0	3234	0.654164	0.034164
0	3240	0.654484	0.034234
0	3248	0.654804	0.034304
0	3254	0.655124	0.034374
0	3260	0.655444	0.034444
0	3267	0.655764	0.034514
0	3274	0.656084	0.034584
0	3280	0.656404	0.034654
0	3286	0.656724	0.034724
0	3294	0.657044	0.034794
0	3300	0.657364	0.034864
0	3306	0.657684	0.034934
0	3313	0.658004	0.035004
0	3320	0.658324	0.035074
0	3326	0.658644	0.035144
0	3332	0.658964	0.035214
0	3340	0.659284	0.035284
0	3346	0.659604	0.035354
0	3352	0.659924	0.035424
0	3358	0.660244	0.035494
0	3366	0.660564	0.035564
0	3372	0.660884	0.035634
0	3378	0.661204	0.035704
0	3385	0.661524	0.035774
0	3392	0.661844	0.035844
0	3398	0.662164	0.035914
0	3404	0.662484	0.035984
0	3412	0.662804	0.036054
0	3418	0.663124	0.036124
0	3424	0.663444	0.036194
0	3431	0.663764	0.036264
0	3438	0.664084	0.036334
0	3444	0.664404	0.036404
0	3450	0.664724	0.036474
0	3458	0.665044	0.036544
0	3464	0.665364	0.036614
0	3470	0.665684	0.036684
0	3477	0.666004	0.036754
0	3484	0.666324	0.036824
0	3490	0.666644	0.036894
0	3496	0.666964	0.036964
0	3504	0.667284	0.037034
0	3510	0.667604	0.037104
0	3516	0.667924	0.037174
0	3522	0.668244	0.037244
0	3530	0.668564	0.037314
0	3536	0.668884	0.037384
0	3542	0.669204	0.037454
0	3549	0.669524	0.037524
0	3556	0.669844	0.037594
0	3562	0.670164	0.037664
0	3568	0.670484	0.037734
0	3576	0.670804	0.037804
0	3582	0.671124	0.037874
0	3588	0.671444	0.037944
0	3595	0.671764	0.038014
0	3602	0.672084	0.038084
0	3608	0.672404	0.038154
0	3614	0.672724	0.038224
0	3622	0.673044	0.038294
0	3628	0.673364	0.038364
0	3634	0.673684	0.038434
0	3641	0.674004	0.038504
0	3648	0.674324	0.038574
0	3654	0.674644	0.038644
0	3660	0.674964	0.038714
0	3668	0.675284	0.038784
0	3674	0.675604	0.038854
0	3680	0.675924	0.038924
0	3686	0.676244	0.038994
0	3694	0.676564	0.039064
0	3700	0.676884	0.039134
0	3706	0.677204	0.039204
0	3713	0.677524	0.039274
0	3720	0.677844	0.039344
0	3726	0.678164	0.039414
0	3732	0.678484	0.039484
0	3740	0.678804	0.039554
0	3746	0.679124	0.039624
0	3752	0.679444	0.039694
0	3759	0.679764	0.039764
0	3766	0.680084	0.039834
0	3772	0.680404	0.039904
0	3778	0.680724	0.039974
0	3786	0.681044	0.040044
0	3792	0.681364	0.040114
0	3798	0.681684	0.040184
0	3805	0.682004	0.040254
0	3812	0.682324	0.040324
0	3818	0.682644	0.040394
0	3824	0.682964	0.040464
0	3832	0.683284	0.040534
0	3838	0.683604	0.040604
0	3844	0.683924	0.040674
0	3850	0.684244	0.040744
0	3858	0.684564	0.040814
0	3864	0.684884	0.040884
0	3870	0.685204	0.040954
0	3877	0.685524	0.041024
0	3884	0.685844	0.041094
0	3890	0.686164	0.041164
0	3896	0.686484	0.041234
0	3904	0.686804	0.041304
0	3910	0.687124	0.041374
0	3916	0.687444	0.041444
0	3923	0.687764	0.041514
0	3930	0.688084	0.041584
0	3936	0.688404	0.041654
0	3942	0.688724	0.041724
0	3950	0.689044	0.041794
0	3956	0.689364	0.041864
0	3962	0.689684	0.041934
0	3969	0.690004	0.042004
0	3976	0.690324	0.042074
0	3982	0.690644	0.042144
0	3988	0.690964	0.042214
0	3996	0.691284	0.042284
0	4002	0.691604	0.042354
0	4008	0.691924	0.042424
0	4014	0.692244	0.042494
0	4022	0.692564	0.042564
0	4028	0.692884	0.042634
0	4034	0.693204	0.042704
0	4041	0.693524	0.042774
0	4048	0.693844	0.042844
0	4054	0.694164	0.042914
0	4060	0.694484	0.042984
0	4068	0.694804	0.043054
0	4074	0.695124	0.043124
0	4080	0.695444	0.043194
0	4087	0.695764	0.043264
0	4094	0.696084	0.043334
0	4100	0.696404	0.043404
0	4106	0.696724	0.043474
0	4114	0.697044	0.043544
0	4120	0.697364	0.043614
0	4126	0.697684	0.043684
0	4133	0.698004	0.043754
0	4140	0.698324	0.043824
0	4146	0.698644	0.043894
0	4152	0.698964	0.043964
0	4160	0.699284	0.044034
0	4166	0.699604	0.044104
0	4172	0.699924	0.044174
0	4178	0.700244	0.044244
0	4186	0.700564	0.044314
0	4192	0.700884	0.044384
0	4198	0.701204	0.044454
0	4205	0.701524	0.044524
0	4212	0.701844	0.044594
0	4218	0.702164	0.044664
0	4224	0.702484	0.044734
0	4232	0.702804	0.044804
0	4238	0.703124	0.044874
0	4244	0.703444	0.044944
0	4251	0.703764	0.045014
0	4258	0.704084	0.045084
0	4264	0.704404	0.045154
0	4270	0.704724	0.045224
0	4278	0.705044	0.045294
0	4284	0.705364	0.045364
0	4290	0.705684	0.045434
0	4297	0.706004	0.045504
0	4304	0.706324	0.045574
0	4310	0.706644	0.045644
0	4316	0.706964	0.045714
0	4324	0.707284	0.045784
0	4330	0.707604	0.045854
0	4336	0.707924	0.045924
0	4342	0.708244	0.045994
0	4350	0.708564	0.046064
0	4356	0.708884	0.046134
0	4362	0.709204	0.046204
0	4369	0.709524	0.046274
0	4376	0.709844	0.046344
0	4382	0.710164	0.046414
0	4388	0.710484	0.046484
0	4396	0.710804	0.046554
0	4402	0.711124	0.046624
0	4408	0.711444	0.046694
0	4415	0.711764	0.046764
0	4422	0.712084	0.046834
0	4428	0.712404	0.046904
0	4434	0.712724	0.046974
0	4442	0.713044	0.047044
0	4448	0.713364	0.047114
0	4454	0.713684	0.047184
0	4461	0.714004	0.047254
0	4468	0.714324	0.047324
0	4474	0.714644	0.047394
0	4480	0.714964	0.047464
0	4488	0.715284	0.047534
0	4494	0.715604	0.047604
0	4500	0.715924	0.047674
0	4506	0.716244	0.047744
0	4514	0.716564	0.047814
0	4520	0.716884	0.047884
0	4526	0.717204	0.047954
0	4533	0.717524	0.048024
0	4540	0.717844	0.048094
0	4546	0.718164	0.048164
0	4552	0.718484	0.048234
0	4560	0.718804	0.048304
0	4566	0.719124	0.048374
0	4572	0.719444	0.048444
0	4579	0.719764	0.048514
0	4586	0.720084	0.048584
0	4592	0.720404	0.048654
0	4598	0.720724	0.048724
0	4606	0.721044	0.048794
0	4612	0.721364	0.048864
0	4618	0.721684	0.048934
0	4625	0.722004	0.049004
0	4632	0.722324	0.049074
0	4638	0.722644	0.049144
0	4644	0.722964	0.049214
0	4652	0.723284	0.049284
0	4658	0.723604	0.049354
0	4664	0.723924	0.049424
0	4670	0.724244	0.049494
0	4678	0.724564	0.049564
0	4684	0.724884	0.049634
0	4690	0.725204	0.049704
0	4697	0.725524	0.049774
0	4704	0.725844	0.049844
0	4710	0.726164	0.049914
0	4716	0.726484	0.049984
0	4724	0.726804	0.050054
0	4730	0.727124	0.050124
0	4736	0.727444	0.050194
0	4743	0.727764	0.050264
0	4750	0.728084	0.050334
0	4756	0.728404	0.050404
0	4762	0.728724	0.050474
0	4770	0.729044	0.050544
0	4776	0.729364	0.050614
0	4782	0.729684	0.050684
0	4789	0.730004	0.050754
0	4796	0.730324	0.050824
0	4802	0.730644	0.050894
0	4808	0.730964	0.050964
0	4816	0.731284	0.051034
0	4822	0.731604	0.051104
0	4828	0.731924	0.051174
0	4834	0.732244	0.051244
0	4842	0.732564	0.051314
0	4848	0.732884	0.051384
0	4854	0.733204	0.051454
0	4861	0.733524	0.051524
0	4868	0.733844	0.051594
0	4874	0.734164	0.051664
0	4880	0.734484	0.051734
0	4888	0.734804	0.051804
0	4894	0.735124	0.051874
0	4900	0.735444	0.051944
0	4907	0.735764	0.052014
0	4914	0.736084	0.052084
0	4920	0.736404	0.052154
0	4926	0.736724	0.052224
0	4934	0.737044	0.052294
0	4940	0.737364	0.052364
0	4946	0.737684	0.052434
0	4953	0.738004	0.052504
0	4960	0.738324	0.052574
0	4966	0.738644	0.052644
0	4972	0.738964	0.052714
0	4980	0.739284	0.052784
0	4986	0.739604	0.052854
0	4992	0.739924	0.052924
0	4998	0.740244	0.052994
0	5006	0.740564	0.053064
0	5012	0.740884	0.053134
0	5018	0.741204	0.053204
0	5025	0.741524	0.053274
0	5032	0.741844	0.053344
0	5038	0.742164	0.053414
0	5044	0.742484	0.053484
0	5052	0.742804	0.053554
0	5058	0.743124	0.053624
0	5064	0.743444	0.053694
0	5071	0.743764	0.053764
0	5078	0.744084	0.053834
0	5084	0.744404	0.053904
0	5090	0.744724	0.053974
0	5098	0.745044	0.054044
0	5104	0.745364	0.054114
0	5110	0.745684	0.054184
0	5117	0.746004	0.054254
0	5124	0.746324	0.054324
0	5130	0.746644	0.054394
0	5136	0.746964	0.054464
0	5144	0.747284	0.054534
0	5150	0.747604	0.054604
0	5156	0.747924	0.054674
0	5162	0.748244	0.054744
0	5170	0.748564	0.054814
0	5176	0.748884	0.054884
0	5182	0.749204	0.054954
0	5189	0.749524	0.055024
0	5196	0.749844	0.055094
0	5202	0.750164	0.055164
0	5208	0.750484	0.055234
0	5216	0.750804	0.055304
0	5222	0.751124	0.055374
0	5228	0.751444	0.055444
0	5235	0.751764	0.055514
0	5242	0.752084	0.055584
0	5248	0.752404	0.055654
0	5254	0.752724	0.055724
0	5262	0.753044	0.055794
0	5268	0.753364	0.055864
0	5274	0.753684	0.055934
0	5281	0.754004	0.056004
0	5288	0.754324	0.056074
0	5294	0.754644	0.056144
0	5300	0.754964	0.056214
0	5308	0.755284	0.056284
0	5314	0.755604	0.056354
0	5320	0.755924	0.056424
0	5326	0.756244	0.056494
0	5334	0.756564	0.056564
0	5340	0.756884	0.056634
0	5346	0.757204	0.056704
0	5353	0.757524	0.056774
0	5360	0.757844	0.056844
0	5366	0.758164	0.056914
0	5372	0.758484	0.056984
0	5380	0.758804	0.057054
0	5386	0.759124	0.057124
0	5392	0.759444	0.057194
0	5399	0.759764	0.057264
0	5406	0.760084	0.057334
0	5412	0.760404	0.057404
0	5418	0.760724	0.057474
0	5426	0.761044	0.057544
0	5432	0.761364	0.057614
0	5438	0.761684	0.057684
0	5445	0.762004	0.057754
0	5452	0.762324	0.057824
0	5458	0.762644	0.057894
0	5464	0.762964	0.057964
0	5472	0.763284	0.058034
0	5478	0.763604	0.058104
0	5484	0.763924	0.058174
0	5490	0.764244	0.058244
0	5498	0.764564	0.058314
0	5504	0.764884	0.058384
0	5510	0.765204	0.058454
0	5517	0.765524	0.058524
0	5524	0.765844	0.058594
0	5530	0.766164	0.058664
0	5536	0.766484	0.058734
0	5544	0.766804	0.058804
0	5550	0.767124	0.058874
0	5556	0.767444	0.058944
0	5563	0.767764	0.059014
0	5570	0.768084	0.059084
0	5576	0.768404	0.059154
0	5582	0.768724	0.059224
0	5590	0.769044	0.059294
0	5596	0.769364	0.059364
0	5602	0.769684	0.059434
0	5609	0.770004	0.059504
0	5616	0.770324	0.059574
0	5622	0.770644	0.059644
0	5628	0.770964	0.059714
0	5636	0.771284	0.059784
0	5642	0.771604	0.059854
0	5648	0.771924	0.059924
0	5654	0.772244	0.059994
0	5662	0.772564	0.060064
0	5668	0.772884	0.060134
0	5674	0.773204	0.060204
0	5681	0.773524	0.060274
0	5688	0.773844	0.060344
0	5694	0.774164	0.060414
0	5700	0.774484	0.060484
0	5708	0.774804	0.060554
0	5714	0.775124	0.060624
0	5720	0.775444	0.060694
0	5727	0.775764	0.060764
0	5734	0.776084	0.060834
0	5740	0.776404	0.060904
0	5746	0.776724	0.060974
0	5754	0.777044	0.061044
0	5760	0.777364	0.061114
0	5766	0.777684	0.061184
0	5773	0.778004	0.061254
0	5780	0.778324	0.061324
0	5786	0.778644	0.061394
0	5792	0.778964	0.061464
0	5800	0.779284	0.061534
0	5806	0.779604	0.061604
0	5812	0.779924	0.061674
0	5818	0.780244	0.061744
0	5826	0.780564	0.061814
0	5832	0.780884	0.061884
0	5838	0.781204	0.061954
0	5845	0.781524	0.062024
0	5852	0.781844	0.062094
0	5858	0.782164	0.062164
0	5864	0.782484	0.062234
0	5872	0.782804	0.062304
0	5878	0.783124	0.062374
0	5884	0.783444	0.062444
0	5891	0.783764	0.062514
0	5898	0.784084	0.062584
0	5904	0.784404	0.062654
0	5910	0.784724	0.062724
0	5918	0.785044	0.062794
0	5924	0.785364	0.062864
0	5930	0.785684	0.062934
0	5937	0.786004	0.063004
0	5944	0.786324	0.063074
0	5950	0.786644	0.063144
0	5956	0.786964	0.063214
0	5964	0.787284	0.063284
0	5970	0.787604	0.063354
0	5976	0.787924	0.063424
0	5982	0.788244	0.063494
0	5990	0.788564	0.063564
0	5996	0.788884	0.063634
0	6002	0.789204	0.063704
0	6009	0.789524	0.063774
0	6016	0.789844	0.063844
0	6022	0.790164	0.063914
0	6028	0.790484	0.063984
0	6036	0.790804	0.064054
0	6042	0.791124	0.064124
0	6048	0.791444	0.064194
0	6055	0.791764	0.064264
0	6062	0.792084	0.064334
0	6068	0.792404	0.064404
0	6074	0.792724	0.064474
0	6082	0.793044	0.064544
0	6088	0.793364	0.064614
0	6094	0.793684	0.064684
0	6101	0.794004	0.064754
0	6108	0.794324	0.064824
0	6114	0.794644	0.064894
0	6120	0.794964	0.064964
0	6128	0.795284	0.065034
0	6134	0.795604	0.065104
0	6140	0.795924	0.065174
0	6146	0.796244	0.065244
0	6154	0.796564	0.065314
0	6160	0.796884	0.065384
0	6166	0.797204	0.065454
0	6173	0.797524	0.065524
0	6180	0.797844	0.065594
0	6186	0.798164	0.065664
0	6192	0.798484	0.065734
0	6200	0.798804	0.065804
0	6206	0.799124	0.065874
0	6212	0.799444	0.065944
0	6219	0.799764	0.066014
0	6226	0.800084	0.066084
0	6232	0.800404	0.066154
0	6238	0.800724	0.066224
0	6246	0.801044	0.066294
0	6252	0.801364	0.066364
0	6258	0.801684	0.066434
0	6265	0.802004	0.066504
0	6272	0.802324	0.066574
0	6278	0.802644	0.066644
0	6284	0.802964	0.066714
0	6292	0.803284	0.066784
0	6298	0.803604	0.066854
0	6304	0.803924	0.066924
0	6310	0.804244	0.066994
0	6318	0.804564	0.067064
0	6324	0.804884	0.067134
0	6330	0.805204	0.067204
0	6337	0.805524	0.067274
0	6344	0.805844	0.067344
0	6350	0.806164	0.067414
0	6356	0.806484	0.067484
0	6364	0.806804	0.067554
0	6370	0.807124	0.067624
0	6376	0.807444	0.067694
0	6383	0.807764	0.067764
0	6390	0.808084	0.067834
0	6396	0.808404	0.067904
0	6402	0.808724	0.067974
0	6410	0.809044	0.068044
0	6416	0.809364	0.068114
0	6422	0.809684	0.068184
0	6429	0.810004	0.068254
0	6436	0.810324	0.068324
0	6442	0.810644	0.068394
0	6448	0.810964	0.068464
0	6456	0.811284	0.068534
0	6462	0.811604	0.068604
0	6468	0.811924	0.068674
0	6474	0.812244	0.068744
0	6482	0.812564	0.068814
0	6488	0.812884	0.068884
0	6494	0.813204	0.068954
0	6501	0.813524	0.069024
0	6508	0.813844	0.069094
0	6514	0.814164	0.069164
0	6520	0.814484	0.069234
0	6528	0.814804	0.069304
0	6534	0.815124	0.069374
0	6540	0.815444	0.069444
0	6547	0.815764	0.069514
0	6554	0.816084	0.069584
0	6560	0.816404	0.069654
0	6566	0.816724	0.069724
0	6574	0.817044	0.069794
0	6580	0.817364	0.069864
0	6586	0.817684	0.069934
0	6593	0.818004	0.070004
0	6600	0.818324	0.070074
0	6606	0.818644	0.070144
0	6612	0.818964	0.070214
0	6620	0.819284	0.070284
0	6626	0.819604	0.070354
0	6632	0.819924	0.070424
0	6638	0.820244	0.070494
0	6646	0.820564	0.070564
0	6652	0.820884	0.070634
0	6658	0.821204	0.070704
0	6665	0.821524	0.070774
0	6672	0.821844	0.070844
0	6678	0.822164	0.070914
0	6684	0.822484	0.070984
0	6692	0.822804	0.071054
0	6698	0.823124	0.071124
0	6704	0.823444	0.071194
0	6711	0.823764	0.071264
0	6718	0.824084	0.071334
0	6724	0.824404	0.071404
0	6730	0.824724	0.071474
0	6738	0.825044	0.071544
0	6744	0.825364	0.071614
0	6750	0.825684	0.071684
0	6757	0.826004	0.071754
0	6764	0.826324	0.071824
0	6770	0.826644	0.071894
0	6776	0.826964	0.071964
0	6784	0.827284	0.072034
0	6790	0.827604	0.072104
0	6796	0.827924	0.072174
0	6802	0.828244	0.072244
0	6810	0.828564	0.072314
0	6816	0.828884	0.072384
0	6822	0.829204	0.072454
0	6829	0.829524	0.072524
0	6836	0.829844	0.072594
0	6842	0.830164	0.072664
0	6848	0.830484	0.072734
0	6856	0.830804	0.072804
0	6862	0.831124	0.072874
0	6868	0.831444	0.072944
0	6875	0.831764	0.073014
0	6882	0.832084	0.073084
0	6888	0.832404	0.073154
0	6894	0.832724	0.073224
0	6902	0.833044	0.073294
0	6908	0.833364	0.073364
0	6914	0.833684	0.073434
0	6921	0.834004	0.073504
0	6928	0.834324	0.073574
0	6934	0.834644	0.073644
0	6940	0.834964	0.073714
0	6948	0.835284	0.073784
0	6954	0.835604	0.073854
0	6960	0.835924	0.073924
0	6966	0.836244	0.073994
0	6974	0.836564	0.074064
0	6980	0.836884	0.074134
0	6986	0.837204	0.074204
0	6993	0.837524	0.074274
0	7000	0.837844	0.074344
0	7006	0.838164	0.074414
0	7012	0.838484	0.074484
0	7020	0.838804	0.074554
0	7026	0.839124	0.074624
0	7032	0.839444	0.074694
0	7039	0.839764	0.074764
0	7046	0.840084	0.074834
0	7052	0.840404	0.074904
0	7058	0.840724	0.074974
0	7066	0.841044	0.075044
0	7072	0.841364	0.075114
0	7078	0.841684	0.075184
0	7085	0.842004	0.075254
0	7092	0.842324	0.075324
0	7098	0.842644	0.075394
0	7104	0.842964	0.075464
0	7112	0.843284	0.075534
0	7118	0.843604	0.075604
0	7124	0.843924	0.075674
0	7130	0.844244	0.075744
0	7138	0.844564	0.075814
0	7144	0.844884	0.075884
0	7150	0.845204	0.075954
0	7157	0.845524	0.076024
0	7164	0.845844	0.076094
0	7170	0.846164	0.076164
0	7176	0.846484	0.076234
0	7184	0.846804	0.076304
0	7190	0.847124	0.076374
0	7196	0.847444	0.076444
0	7203	0.847764	0.076514
0	7210	0.848084	0.076584
0	7216	0.848404	0.076654
0	7222	0.848724	0.076724
0	7230	0.849044	0.076794
0	7236	0.849364	0.076864
0	7242	0.849684	0.076934
0	7249	0.850004	0.077004
0	7256	0.850324	0.077074
0	7262	0.850644	0.077144
0	7268	0.850964	0.077214
0	7276	0.851284	0.077284
0	7282	0.851604	0.077354
0	7288	0.851924	0.077424
0	7294	0.852244	0.077494
0	7302	0.852564	0.077564
0	7308	0.852884	0.077634
0	7314	0.853204	0.077704
0	7321	0.853524	0.077774
0	7328	0.853844	0.077844
0	7334	0.854164	0.077914
0	7340	0.854484	0.077984
0	7348	0.854804	0.078054
0	7354	0.855124	0.078124
0	7360	0.855444	0.078194
0	7367	0.855764	0.078264
0	7374	0.856084	0.078334
0	7380	0.856404	0.078404
0	7386	0.856724	0.078474
0	7394	0.857044	0.078544
0	7400	0.857364	0.078614
0	7406	0.857684	0.078684
0	7413	0.858004	0.078754
0	7420	0.858324	0.078824
0	7426	0.858644	0.078894
0	7432	0.858964	0.078964
0	7440	0.859284	0.079034
0	7446	0.859604	0.079104
0	7452	0.859924	0.079174
0	7458	0.860244	0.079244
0	7466	0.860564	0.079314
0	7472	0.860884	0.079384
0	7478	0.861204	0.079454
0	7485	0.861524	0.079524
0	7492	0.861844	0.079594
0	7498	0.862164	0.079664
0	7504	0.862484	0.079734
0	7512	0.862804	0.079804
0	7518	0.863124	0.079874
0	7524	0.863444	0.079944
0	7531	0.863764	0.080014
0	7538	0.864084	0.080084
0	7544	0.864404	0.080154
0	7550	0.864724	0.080224
0	7558	0.865044	0.080294
0	7564	0.865364	0.080364
0	7570	0.865684	0.080434
0	7577	0.866004	0.080504
0	7584	0.866324	0.080574
0	7590	0.866644	0.080644
0	7596	0.866964	0.080714
0	7604	0.867284	0.080784
0	7610	0.867604	0.080854
0	7616	0.867924	0.080924
0	7622	0.868244	0.080994
0	7630	0.868564	0.081064
0	7636	0.868884	0.081134
0	7642	0.869204	0.081204
0	7649	0.869524	0.081274
0	7656	0.869844	0.081344
0	7662	0.870164	0.081414
0	7668	0.870484	0.081484
0	7676	0.870804	0.081554
0	7682	0.871124	0.081624
0	7688	0.871444	0.081694
0	7695	0.871764	0.081764
0	7702	0.872084	0.081834
0	7708	0.872404	0.081904
0	7714	0.872724	0.081974
0	7722	0.873044	0.082044
0	7728	0.873364	0.082114
0	7734	0.873684	0.082184
0	7741	0.874004	0.082254
0	7748	0.874324	0.082324
0	7754	0.874644	0.082394
0	7760	0.874964	0.082464
0	7768	0.875284	0.082534
0	7774	0.875604	0.082604
0	7780	0.875924	0.082674
0	7786	0.876244	0.082744
0	7794	0.876564	0.082814
0	7800	0.876884	0.082884
0	7806	0.877204	0.082954
0	7813	0.877524	0.083024
0	7820	0.877844	0.083094
0	7826	0.878164	0.083164
0	7832	0.878484	0.083234
0	7840	0.878804	0.083304
0	7846	0.879124	0.083374
0	7852	0.879444	0.083444
0	7859	0.879764	0.083514
0	7866	0.880084	0.083584
0	7872	0.880404	0.083654
0	7878	0.880724	0.083724
0	7886	0.881044	0.083794
0	7892	0.881364	0.083864
0	7898	0.881684	0.083934
0	7905	0.882004	0.084004
0	7912	0.882324	0.084074
0	7918	0.882644	0.084144
0	7924	0.882964	0.084214
0	7932	0.883284	0.084284
0	7938	0.883604	0.084354
0	7944	0.883924	0.084424
0	7950	0.884244	0.084494
0	7958	0.884564	0.084564
0	7964	0.884884	0.084634
0	7970	0.885204	0.084704
0	7977	0.885524	0.084774
0	7984	0.885844	0.084844
0	7990	0.886164	0.084914
0	7996	0.886484	0.084984
0	8004	0.886804	0.085054
0	8010	0.887124	0.085124
0	8016	0.887444	0.085194
0	8023	0.887764	0.085264
0	8030	0.888084	0.085334
0	8036	0.888404	0.085404
0	8042	0.888724	0.085474
0	8050	0.889044	0.085544
0	8056	0.889364	0.085614
0	8062	0.889684	0.085684
0	8069	0.890004	0.085754
0	8076	0.890324	0.085824
0	8082	0.890644	0.085894
0	8088	0.890964	0.085964
0	8096	0.891284	0.086034
0	8102	0.891604	0.086104
0	8108	0.891924	0.086174
0	8114	0.892244	0.086244
0	8122	0.892564	0.086314
0	8128	0.892884	0.086384
0	8134	0.893204	0.086454
0	8141	0.893524	0.086524
0	8148	0.893844	0.086594
0	8154	0.894164	0.086664
0	8160	0.894484	0.086734
0	8168	0.894804	0.086804
0	8174	0.895124	0.086874
0	8180	0.895444	0.086944
0	8187	0.895764	0.087014
0	8194	0.896084	0.087084
0	8200	0.896404	0.087154
0	8206	0.896724	0.087224
0	8214	0.897044	0.087294
0	8220	0.897364	0.087364
0	8226	0.897684	0.087434
0	8233	0.898004	0.087504
0	8240	0.898324	0.087574
0	8246	0.898644	0.087644
0	8252	0.898964	0.087714
0	8260	0.899284	0.087784
0	8266	0.899604	0.087854
0	8272	0.899924	0.087924
0	8278	0.900244	0.087994
0	8286	0.900564	0.088064
0	8292	0.900884	0.088134
0	8298	0.901204	0.088204
0	8305	0.901524	0.088274
0	8312	0.901844	0.088344
0	8318	0.902164	0.088414
0	8324	0.902484	0.088484
0	8332	0.902804	0.088554
0	8338	0.903124	0.088624
0	8344	0.903444	0.088694
0	8351	0.903764	0.088764
0	8358	0.904084	0.088834
0	8364	0.904404	0.088904
0	8370	0.904724	0.088974
0	8378	0.905044	0.089044
0	8384	0.905364	0.089114
0	8390	0.905684	0.089184
0	8397	0.906004	0.089254
0	8404	0.906324	0.089324
0	8410	0.906644	0.089394
0	8416	0.906964	0.089464
0	8424	0.907284	0.089534
0	8430	0.907604	0.089604
0	8436	0.907924	0.089674
0	8442	0.908244	0.089744
0	8450	0.908564	0.089814
0	8456	0.908884	0.089884
0	8462	0.909204	0.089954
0	8469	0.909524	0.090024
0	8476	0.909844	0.090094
0	8482	0.910164	0.090164
0	8488	0.910484	0.090234
0	8496	0.910804	0.090304
0	8502	0.911124	0.090374
0	8508	0.911444	0.090444
0	8515	0.911764	0.090514
0	8522	0.912084	0.090584
0	8528	0.912404	0.090654
0	8534	0.912724	0.090724
0	8542	0.913044	0.090794
0	8548	0.913364	0.090864
0	8554	0.913684	0.090934
0	8561	0.914004	0.091004
0	8568	0.914324	0.091074
0	8574	0.914644	0.091144
0	8580	0.914964	0.091214
0	8588	0.915284	0.091284
0	8594	0.915604	0.091354
0	8600	0.915924	0.091424
0	8606	0.916244	0.091494
0	8614	0.916564	0.091564
0	8620	0.916884	0.091634
0	8626	0.917204	0.091704
0	8633	0.917524	0.091774
0	8640	0.917844	0.091844
0	8646	0.918164	0.091914
0	8652	0.918484	0.091984
0	8660	0.918804	0.092054
0	8666	0.919124	0.092124
0	8672	0.919444	0.092194
0	8679	0.919764	0.092264
0	8686	0.920084	0.092334
0	8692	0.920404	0.092404
0	8698	0.920724	0.092474
0	8706	0.921044	0.092544
0	8712	0.921364	0.092614
0	8718	0.921684	0.092684
0	8725	0.922004	0.092754
0	8732	0.922324	0.092824
0	8738	0.922644	0.092894
0	8744	0.922964	0.092964
0	8752	0.923284	0.093034
0	8758	0.923604	0.093104
0	8764	0.923924	0.093174
0	8770	0.924244	0.093244
0	8778	0.924564	0.093314
0	8784	0.924884	0.093384
0	8790	0.925204	0.093454
0	8797	0.925524	0.093524
0	8804	0.925844	0.093594
0	8810	0.926164	0.093664
0	8816	0.926484	0.093734
0	8824	0.926804	0.093804
0	8830	0.927124	0.093874
0	8836	0.927444	0.093944
0	8843	0.927764	0.094014
0	8850	0.928084	0.094084
0	8856	0.928404	0.094154
0	8862	0.928724	0.094224
0	8870	0.929044	0.094294
0	8876	0.929364	0.094364
0	8882	0.929684	0.094434
0	8889	0.930004	0.094504
0	8896	0.930324	0.094574
0	8902	0.930644	0.094644
0	8908	0.930964	0.094714
0	8916	0.931284	0.094784
0	8922	0.931604	0.094854
0	8928	0.931924	0.094924
0	8934	0.932244	0.094994
0	8942	0.932564	0.095064
0	8948	0.932884	0.095134
0	8954	0.933204	0.095204
0	8961	0.933524	0.095274
0	8968	0.933844	0.095344
0	8974	0.934164	0.095414
0	8980	0.934484	0.095484
0	8988	0.934804	0.095554
0	8994	0.935124	0.095624
0	9000	0.935444	0.095694
0	9007	0.935764	0.095764
0	9014	0.936084	0.095834
0	9020	0.936404	0.095904
0	9026	0.936724	0.095974
0	9034	0.937044	0.096044
0	9040	0.937364	0.096114
0	9046	0.937684	0.096184
0	9053	0.938004	0.096254
0	9060	0.938324	0.096324
0	9066	0.938644	0.096394
0	9072	0.938964	0.096464
0	9080	0.939284	0.096534
0	9086	0.939604	0.096604
0	9092	0.939924	0.096674
0	9098	0.940244	0.096744
0	9106	0.940564	0.096814
0	9112	0.940884	0.096884
0	9118	0.941204	0.096954
0	9125	0.941524	0.097024
0	9132	0.941844	0.097094
0	9138	0.942164	0.097164
0	9144	0.942484	0.097234
0	9152	0.942804	0.097304
0	9158	0.943124	0.097374
0	9164	0.943444	0.097444
0	9171	0.943764	0.097514
0	9178	0.944084	0.097584
0	9184	0.944404	0.097654
0	9190	0.944724	0.097724
0	9198	0.945044	0.097794
0	9204	0.945364	0.097864
0	9210	0.945684	0.097934
0	9217	0.946004	0.098004
0	9224	0.946324	0.098074
0	9230	0.946644	0.098144
0	9236	0.946964	0.098214
0	9244	0.947284	0.098284
0	9250	0.947604	0.098354
0	9256	0.947924	0.098424
0	9262	0.948244	0.098494
0	9270	0.948564	0.098564
0	9276	0.948884	0.098634
0	9282	0.949204	0.098704
0	9289	0.949524	0.098774
0	9296	0.949844	0.098844
0	9302	0.950164	0.098914
0	9308	0.950484	0.098984
0	9316	0.950804	0.099054
0	9322	0.951124	0.099124
0	9328	0.951444	0.099194
0	9335	0.951764	0.099264
0	9342	0.952084	0.099334
0	9348	0.952404	0.099404
0	9354	0.952724	0.099474
0	9362	0.953044	0.099544
0	9368	0.953364	0.099614
0	9374	0.953684	0.099684
0	9381	0.954004	0.099754
0	9388	0.954324	0.099824
0	9394	0.954644	0.099894
0	9400	0.954964	0.099964
0	9408	0.955284	0.100034
0	9414	0.955604	0.100104
0	9420	0.955924	0.100174
0	9426	0.956244	0.100244
0	9434	0.956564	0.100314
0	9440	0.956884	0.100384
0	9446	0.957204	0.100454
0	9453	0.957524	0.100524
0	9460	0.957844	0.100594
0	9466	0.958164	0.100664
0	9472	0.958484	0.100734
0	9480	0.958804	0.100804
0	9486	0.959124	0.100874
0	9492	0.959444	0.100944
0	9499	0.959764	0.101014
0	9506	0.960084	0.101084
0	9512	0.960404	0.101154
0	9518	0.960724	0.101224
0	9526	0.961044	0.101294
0	9532	0.961364	0.101364
0	9538	0.961684	0.101434
0	9545	0.962004	0.101504
0	9552	0.962324	0.101574
0	9558	0.962644	0.101644
0	9564	0.962964	0.101714
0	9572	0.963284	0.101784
0	9578	0.963604	0.101854
0	9584	0.963924	0.101924
0	9590	0.964244	0.101994
0	9598	0.964564	0.102064
0	9604	0.964884	0.102134
0	9610	0.965204	0.102204
0	9617	0.965524	0.102274
0	9624	0.965844	0.102344
0	9630	0.966164	0.102414
0	9636	0.966484	0.102484
0	9644	0.966804	0.102554
0	9650	0.967124	0.102624
0	9656	0.967444	0.102694
0	9663	0.967764	0.102764
0	9670	0.968084	0.102834
0	9676	0.968404	0.102904
0	9682	0.968724	0.102974
0	9690	0.969044	0.103044
0	9696	0.969364	0.103114
0	9702	0.969684	0.103184
0	9709	0.970004	0.103254
0	9716	0.970324	0.103324
0	9722	0.970644	0.103394
0	9728	0.970964	0.103464
0	9736	0.971284	0.103534
0	9742	0.971604	0.103604
0	9748	0.971924	0.103674
0	9754	0.972244	0.103744
0	9762	0.972564	0.103814
0	9768	0.972884	0.103884
0	9774	0.973204	0.103954
0	9781	0.973524	0.104024
0	9788	0.973844	0.104094
0	9794	0.974164	0.104164
0	9800	0.974484	0.104234
0	9808	0.974804	0.104304
0	9814	0.975124	0.104374
0	9820	0.975444	0.104444
0	9827	0.975764	0.104514
0	9834	0.976084	0.104584
0	9840	0.976404	0.104654
0	9846	0.976724	0.104724
0	9854	0.977044	0.104794
0	9860	0.977364	0.104864
0	9866	0.977684	0.104934
0	9873	0.978004	0.105004
0	9880	0.978324	0.105074
0	9886	0.978644	0.105144
0	9892	0.978964	0.105214
0	9900	0.979284	0.105284
0	9906	0.979604	0.105354
0	9912	0.979924	0.105424
0	9918	0.980244	0.105494
0	9926	0.980564	0.105564
0	9932	0.980884	0.105634
0	9938	0.981204	0.105704
0	9945	0.981524	0.105774
0	9952	0.981844	0.105844
0	9958	0.982164	0.105914
0	9964	0.982484	0.105984
0	9972	0.982804	0.106054
0	9978	0.983124	0.106124
0	9984	0.983444	0.106194
0	9991	0.983764	0.106264
0	9998	0.984084	0.106334
0	10004	0.984404	0.106404
0	10010	0.984724	0.106474
0	10018	0.985044	0.106544
0	10024	0.985364	0.106614
0	10030	0.985684	0.106684
0	10037	0.986004	0.106754
0	10044	0.986324	0.106824
0	10050	0.986644	0.106894
0	10056	0.986964	0.106964
0	10064	0.987284	0.107034
0	10070	0.987604	0.107104
0	10076	0.987924	0.107174
0	10082	0.988244	0.107244
0	10090	0.988564	0.107314
0	10096	0.988884	0.107384
0	10102	0.989204	0.107454
0	10109	0.989524	0.107524
0	10116	0.989844	0.107594
0	10122	0.990164	0.107664
0	10128	0.990484	0.107734
0	10136	0.990804	0.107804
0	10142	0.991124	0.107874
0	10148	0.991444	0.107944
0	10155	0.991764	0.108014
0	10162	0.992084	0.108084
0	10168	0.992404	0.108154
0	10174	0.992724	0.108224
0	10182	0.993044	0.108294
0	10188	0.993364	0.108364
0	10194	0.993684	0.108434
0	10201	0.994004	0.108504
0	10208	0.994324	0.108574
0	10214	0.994644	0.108644
0	10220	0.994964	0.108714
0	10228	0.995284	0.108784
0	10234	0.995604	0.108854
0	10240	0.995924	0.108924
0	10246	0.996244	0.108994
0	10254	0.996564	0.109064
0	10260	0.996884	0.109134
0	10266	0.997204	0.109204
0	10273	0.997524	0.109274
0	10280	0.997844	0.109344
0	10286	0.998164	0.109414
0	10292	0.998484	0.109484
0	10300	0.998804	0.109554
0	10306	0.999124	0.109624
0	10312	0.999444	0.109694
0	10319	0.999764	0.109764
0	10332	1.000084	0.109834
0	10338	1.000404	0.109904
0	10344	1.000724	0.109974
0	10352	1.001044	0.110044
0	10358	1.001364	0.110114
0	10364	1.001684	0.110184
0	10371	1.002004	0.110254
0	10378	1.002324	0.110324
0	10384	1.002644	0.110394
0	10390	1.002964	0.110464
0	10398	1.003284	0.110534
0	10404	1.003604	0.110604
0	10410	1.003924	0.110674
0	10416	1.004244	0.110744
0	10424	1.004564	0.110814
0	10430	1.004884	0.110884
0	10436	1.005204	0.110954
0	10443	1.005524	0.111024
0	10450	1.005844	0.111094
0	10456	1.006164	0.111164
0	10462	1.006484	0.111234
0	10470	1.006804	0.111304
0	10476	1.007124	0.111374
0	10482	1.007444	0.111444
0	10489	1.007764	0.111514
0	10496	1.008084	0.111584
0	10502	1.008404	0.111654
0	10508	1.008724	0.111724
0	10516	1.009044	0.111794
0	10522	1.009364	0.111864
0	10528	1.009684	0.111934
0	10535	1.010004	0.112004
0	10542	1.010324	0.112074
0	10548	1.010644	0.112144
0	10554	1.010964	0.112214
0	10562	1.011284	0.112284
0	10568	1.011604	0.112354
0	10574	1.011924	0.112424
0	10580	1.012244	0.112494
0	10588	1.012564	0.112564
0	10594	1.012884	0.112634
0	10600	1.013204	0.112704
0	10607	1.013524	0.112774
0	10614	1.013844	0.112844
0	10620	1.014164	0.112914
0	10626	1.014484	0.112984
0	10634	1.014804	0.113054
0	10640	1.015124	0.113124
0	10646	1.015444	0.113194
0	10653	1.015764	0.113264
0	10660	1.016084	0.113334
0	10666	1.016404	0.113404
0	10672	1.016724	0.113474
0	10680	1.017044	0.113544
0	10686	1.017364	0.113614
0	10692	1.017684	0.113684
0	10699	1.018004	0.113754
0	10706	1.018324	0.113824
0	10712	1.018644	0.113894
0	10718	1.018964	0.113964
0	10726	1.019284	0.114034
0	10732	1.019604	0.114104
0	10738	1.019924	0.114174
0	10744	1.020244	0.114244
0	10752	1.020564	0.114314
0	10758	1.020884	0.114384
0	10764	1.021204	0.114454
0	10771	1.021524	0.114524
0	10778	1.021844	0.114594
0	10784	1.022164	0.114664
0	10790	1.022484	0.114734
0	10798	1.022804	0.114804
0	10804	1.023124	0.114874
0	10810	1.023444	0.114944
0	10817	1.023764	0.115014
0	10824	1.024084	0.115084
0	10830	1.024404	0.115154
0	10836	1.024724	0.115224
0	10844	1.025044	0.115294
0	10850	1.025364	0.115364
0	10856	1.025684	0.115434
0	10863	1.026004	0.115504
0	10870	1.026324	0.115574
0	10876	1.026644	0.115644
0	10882	1.026964	0.115714
0	10890	1.027284	0.115784
0	10896	1.027604	0.115854
0	10902	1.027924	0.115924
0	10908	1.028244	0.115994
0	10916	1.028564	0.116064
0	10922	1.028884	0.116134
0	10928	1.029204	0.116204
0	10935	1.029524	0.116274
0	10942	1.029844	0.116344
0	10948	1.030164	0.116414
0	10954	1.030484	0.116484
0	10962	1.030804	0.116554
0	10968	1.031124	0.116624
0	10974	1.031444	0.116694
0	10981	1.031764	0.116764
0	10988	1.032084	0.116834
0	10994	1.032404	0.116904
0	11000	1.032724	0.116974
0	11008	1.033044	0.117044
0	11014	1.033364	0.117114
0	11020	1.033684	0.117184
0	11027	1.034004	0.117254
0	11034	1.034324	0.117324
0	11040	1.034644	0.117394
0	11046	1.034964	0.117464
0	11054	1.035284	0.117534
0	11060	1.035604	0.117604
0	11066	1.035924	0.117674
0	11072	1.036244	0.117744
0	11080	1.036564	0.117814
0	11086	1.036884	0.117884
0	11092	1.037204	0.117954
0	11099	1.037524	0.118024
0	11106	1.037844	0.118094
0	11112	1.038164	0.118164
0	11118	1.038484	0.118234
0	11126	1.038804	0.118304
0	11132	1.039124	0.118374
0	11138	1.039444	0.118444
0	11145	1.039764	0.118514
0	11152	1.040084	0.118584
0	11158	1.040404	0.118654
0	11164	1.040724	0.118724
0	11172	1.041044	0.118794
0	11178	1.041364	0.118864
0	11184	1.041684	0.118934
0	11191	1.042004	0.119004
0	11198	1.042324	0.119074
0	11204	1.042644	0.119144
0	11210	1.042964	0.119214
0	11218	1.043284	0.119284
0	11224	1.043604	0.119354
0	11230	1.043924	0.119424
0	11236	1.044244	0.119494
0	11244	1.044564	0.119564
0	11250	1.044884	0.119634
0	11256	1.045204	0.119704
0	11263	1.045524	0.119774
0	11270	1.045844	0.119844
0	11276	1.046164	0.119914
0	11282	1.046484	0.119984
0	11290	1.046804	0.120054
0	11296	1.047124	0.120124
0	11302	1.047444	0.120194
0	11309	1.047764	0.120264
0	11316	1.048084	0.120334
0	11322	1.048404	0.120404
0	11328	1.048724	0.120474
0	11336	1.049044	0.120544
0	11342	1.049364	0.120614
0	11348	1.049684	0.120684
0	11355	1.050004	0.120754
0	11362	1.050324	0.120824
0	11368	1.050644	0.120894
0	11374	1.050964	0.120964
0	11382	1.051284	0.121034
0	11388	1.051604	0.121104
0	11394	1.051924	0.121174
0	11400	1.052244	0.121244
0	11408	1.052564	0.121314
0	11414	1.052884	0.121384
0	11420	1.053204	0.121454
0	11427	1.053524	0.121524
0	11434	1.053844	0.121594
0	11440	1.054164	0.121664
0	11446	1.054484	0.121734
0	11454	1.054804	0.121804
0	11460	1.055124	0.121874
0	11466	1.055444	0.121944
0	11473	1.055764	0.122014
0	11480	1.056084	0.122084
0	11486	1.056404	0.122154
0	11492	1.056724	0.122224
0	11500	1.057044	0.122294
0	11506	1.057364	0.122364
0	11512	1.057684	0.122434
0	11519	1.058004	0.122504
0	11526	1.058324	0.122574
0	11532	1.058644	0.122644
0	11538	1.058964	0.122714
0	11546	1.059284	0.122784
0	11552	1.059604	0.122854
0	11558	1.059924	0.122924
0	11564	1.060244	0.122994
0	11572	1.060564	0.123064
0	11578	1.060884	0.123134
0	11584	1.061204	0.123204
0	11591	1.061524	0.123274
0	11598	1.061844	0.123344
0	11604	1.062164	0.123414
0	11610	1.062484	0.123484
0	11618	1.062804	0.123554
0	11624	1.063124	0.123624
0	11630	1.063444	0.123694
0	11637	1.063764	0.123764
0	11644	1.064084	0.123834
0	11650	1.064404	0.123904
0	11656	1.064724	0.123974
0	11664	1.065044	0.124044
0	11670	1.065364	0.124114
0	11676	1.065684	0.124184
0	11683	1.066004	0.124254
0	11690	1.066324	0.124324
0	11696	1.066644	0.124394
0	11702	1.066964	0.124464
0	11710	1.067284	0.124534
0	11716	1.067604	0.124604
0	11722	1.067924	0.124674
0	11728	1.068244	0.124744
0	11736	1.068564	0.124814
0	11742	1.068884	0.124884
0	11748	1.069204	0.124954
0	11755	1.069524	0.125024
0	11762	1.069844	0.125094
0	11768	1.070164	0.125164
0	11774	1.070484	0.125234
0	11782	1.070804	0.125304
0	11788	1.071124	0.125374
0	11794	1.071444	0.125444
0	11801	1.071764	0.125514
0	11808	1.072084	0.125584
0	11814	1.072404	0.125654
0	11820	1.072724	0.125724
0	11828	1.073044	0.125794
0	11834	1.073364	0.125864
0	11840	1.073684	0.125934
0	11847	1.074004	0.126004
0	11854	1.074324	0.126074
0	11860	1.074644	0.126144
0	11866	1.074964	0.126214
0	11874	1.075284	0.126284
0	11880	1.075604	0.126354
0	11886	1.075924	0.126424
0	11892	1.076244	0.126494
0	11900	1.076564	0.126564
0	11906	1.076884	0.126634
0	11912	1.077204	0.126704
0	11919	1.077524	0.126774
0	11926	1.077844	0.126844
0	11932	1.078164	0.126914
0	11938	1.078484	0.126984
0	11946	1.078804	0.127054
0	11952	1.079124	0.127124
0	11958	1.079444	0.127194
0	11965	1.079764	0.127264
0	11972	1.080084	0.127334
0	11978	1.080404	0.127404
0	11984	1.080724	0.127474
0	11992	1.081044	0.127544
0	11998	1.081364	0.127614
0	12004	1.081684	0.127684
0	12011	1.082004	0.127754
0	12018	1.082324	0.127824
0	12024	1.082644	0.127894
0	12030	1.082964	0.127964
0	12038	1.083284	0.128034
0	12044	1.083604	0.128104
0	12050	1.083924	0.128174
0	12056	1.084244	0.128244
0	12064	1.084564	0.128314
0	12070	1.084884	0.128384
0	12076	1.085204	0.128454
0	12083	1.085524	0.128524
0	12090	1.085844	0.128594
0	12096	1.086164	0.128664
0	12102	1.086484	0.128734
0	12110	1.086804	0.128804
0	12116	1.087124	0.128874
0	12122	1.087444	0.128944
0	12129	1.087764	0.129014
0	12136	1.088084	0.129084
0	12142	1.088404	0.129154
0	12148	1.088724	0.129224
0	12156	1.089044	0.129294
0	12162	1.089364	0.129364
0	12168	1.089684	0.129434
0	12175	1.090004	0.129504
0	12182	1.090324	0.129574
0	12188	1.090644	0.129644
0	12194	1.090964	0.129714
0	12202	1.091284	0.129784
0	12208	1.091604	0.129854
0	12214	1.091924	0.129924
0	12220	1.092244	0.129994
0	12228	1.092564	0.130064
0	12234	1.092884	0.130134
0	12240	1.093204	0.130204
0	12247	1.093524	0.130274
0	12254	1.093844	0.130344
0	12260	1.094164	0.130414
0	12266	1.094484	0.130484
0	12274	1.094804	0.130554
0	12280	1.095124	0.130624
0	12286	1.095444	0.130694
0	12293	1.095764	0.130764
0	12300	1.096084	0.130834
0	12306	1.096404	0.130904
0	12312	1.096724	0.130974
0	12320	1.097044	0.131044
0	12326	1.097364	0.131114
0	12332	1.097684	0.131184
0	12339	1.098004	0.131254
0	12346	1.098324	0.131324
0	12352	1.098644	0.131394
0	12358	1.098964	0.131464
0	12366	1.099284	0.131534
0	12372	1.099604	0.131604
0	12378	1.099924	0.131674
0	12384	1.100244	0.131744
0	12392	1.100564	0.131814
0	12398	1.100884	0.131884
0	12404	1.101204	0.131954
0	12411	1.101524	0.132024
0	12418	1.101844	0.132094
0	12424	1.102164	0.132164
0	12430	1.102484	0.132234
0	12438	1.102804	0.132304
0	12444	1.103124	0.132374
0	12450	1.103444	0.132444
0	12457	1.103764	0.132514
0	12464	1.104084	0.132584
0	12470	1.104404	0.132654
0	12476	1.104724	0.132724
0	12484	1.105044	0.132794
0	12490	1.105364	0.132864
0	12496	1.105684	0.132934
0	12503	1.106004	0.133004
0	12510	1.106324	0.133074
0	12516	1.106644	0.133144
0	12522	1.106964	0.133214
0	12530	1.107284	0.133284
0	12536	1.107604	0.133354
0	12542	1.107924	0.133424
0	12548	1.108244	0.133494
0	12556	1.108564	0.133564
0	12562	1.108884	0.133634
0	12568	1.109204	0.133704
0	12575	1.109524	0.133774
0	12582	1.109844	0.133844
0	12588	1.110164	0.133914
0	12594	1.110484	0.133984
0	12602	1.110804	0.134054
0	12608	1.111124	0.134124
0	12614	1.111444	0.134194
0	12621	1.111764	0.134264
0	12628	1.112084	0.134334
0	12634	1.112404	0.134404
0	12640	1.112724	0.134474
0	12648	1.113044	0.134544
0	12654	1.113364	0.134614
0	12660	1.113684	0.134684
0	12667	1.114004	0.134754
0	12674	1.114324	0.134824
0	12680	1.114644	0.134894
0	12686	1.114964	0.134964
0	12694	1.115284	0.135034
0	12700	1.115604	0.135104
0	12706	1.115924	0.135174
0	12712	1.116244	0.135244
0	12720	1.116564	0.135314
0	12726	1.116884	0.135384
0	12732	1.117204	0.135454
0	12739	1.117524	0.135524
0	12746	1.117844	0.135594
0	12752	1.118164	0.135664
0	12758	1.118484	0.135734
0	12766	1.118804	0.135804
0	12772	1.119124	0.135874
0	12778	1.119444	0.135944
0	12785	1.119764	0.136014
0	12792	1.120084	0.136084
0	12798	1.120404	0.136154
0	12804	1.120724	0.136224
0	12812	1.121044	0.136294
0	12818	1.121364	0.136364
0	12824	1.121684	0.136434
0	12831	1.122004	0.136504
0	12838	1.122324	0.136574
0	12844	1.122644	0.136644
0	12850	1.122964	0.136714
0	12858	1.123284	0.136784
0	12864	1.123604	0.136854
0	12870	1.123924	0.136924
0	12876	1.124244	0.136994
0	12884	1.124564	0.137064
0	12890	1.124884	0.137134
0	12896	1.125204	0.137204
0	12903	1.125524	0.137274
0	12910	1.125844	0.137344
0	12916	1.126164	0.137414
0	12922	1.126484	0.137484
0	12930	1.126804	0.137554
0	12936	1.127124	0.137624
0	12942	1.127444	0.137694
0	12949	1.127764	0.137764
0	12956	1.128084	0.137834
0	12962	1.128404	0.137904
0	12968	1.128724	0.137974
0	12976	1.129044	0.138044
0	12982	1.129364	0.138114
0	12988	1.129684	0.138184
0	12995	1.130004	0.138254
0	13002	1.130324	0.138324
0	13008	1.130644	0.138394
0	13014	1.130964	0.138464
0	13022	1.131284	0.138534
0	13028	1.131604	0.138604
0	13034	1.131924	0.138674
0	13040	1.132244	0.138744
0	13048	1.132564	0.138814
0	13054	1.132884	0.138884
0	13060	1.133204	0.138954
0	13067	1.133524	0.139024
0	13074	1.133844	0.139094
0	13080	1.134164	0.139164
0	13086	1.134484	0.139234
0	13094	1.134804	0.139304
0	13100	1.135124	0.139374
0	13106	1.135444	0.139444
0	13113	1.135764	0.139514
0	13120	1.136084	0.139584
0	13126	1.136404	0.139654
0	13132	1.136724	0.139724
0	13140	1.137044	0.139794
0	13146	1.137364	0.139864
0	13152	1.137684	0.139934
0	13159	1.138004	0.140004
0	13166	1.138324	0.140074
0	13172	1.138644	0.140144
0	13178	1.138964	0.140214
0	13186	1.139284	0.140284
0	13192	1.139604	0.140354
0	13198	1.139924	0.140424
0	13204	1.140244	0.140494
0	13212	1.140564	0.140564
0	13218	1.140884	0.140634
0	13224	1.141204	0.140704
0	13231	1.141524	0.140774
0	13238	1.141844	0.140844
0	13244	1.142164	0.140914
0	13250	1.142484	0.140984
0	13258	1.142804	0.141054
0	13264	1.143124	0.141124
0	13270	1.143444	0.141194
0	13277	1.143764	0.141264
0	13284	1.144084	0.141334
0	13290	1.144404	0.141404
0	13296	1.144724	0.141474
0	13304	1.145044	0.141544
0	13310	1.145364	0.141614
0	13316	1.145684	0.141684
0	13323	1.146004	0.141754
0	13330	1.146324	0.141824
0	13336	1.146644	0.141894
0	13342	1.146964	0.141964
0	13350	1.147284	0.142034
0	13356	1.147604	0.142104
0	13362	1.147924	0.142174
0	13368	1.148244	0.142244
0	13376	1.148564	0.142314
0	13382	1.148884	0.142384
0	13388	1.149204	0.142454
0	13395	1.149524	0.142524
0	13402	1.149844	0.142594
0	13408	1.150164	0.142664
0	13414	1.150484	0.142734
0	13422	1.150804	0.142804
0	13428	1.151124	0.142874
0	13434	1.151444	0.142944
0	13441	1.151764	0.143014
0	13448	1.152084	0.143084
0	13454	1.152404	0.143154
0	13460	1.152724	0.143224
0	13468	1.153044	0.143294
0	13474	1.153364	0.143364
0	13480	1.153684	0.143434
0	13487	1.154004	0.143504
0	13494	1.154324	0.143574
0	13500	1.154644	0.143644
0	13506	1.154964	0.143714
0	13514	1.155284	0.143784
0	13520	1.155604	0.143854
0	13526	1.155924	0.143924
0	13532	1.156244	0.143994
0	13540	1.156564	0.144064
0	13546	1.156884	0.144134
0	13552	1.157204	0.144204
0	13559	1.157524	0.144274
0	13566	1.157844	0.144344
0	13572	1.158164	0.144414
0	13578	1.158484	0.144484
0	13586	1.158804	0.144554
0	13592	1.159124	0.144624
0	13598	1.159444	0.144694
0	13605	1.159764	0.144764
0	13612	1.160084	0.144834
0	13618	1.160404	0.144904
0	13624	1.160724	0.144974
0	13632	1.161044	0.145044
0	13638	1.161364	0.145114
0	13644	1.161684	0.145184
0	13651	1.162004	0.145254
0	13658	1.162324	0.145324
0	13664	1.162644	0.145394
0	13670	1.162964	0.145464
0	13678	1.163284	0.145534
0	13684	1.163604	0.145604
0	13690	1.163924	0.145674
0	13696	1.164244	0.145744
0	13704	1.164564	0.145814
0	13710	1.164884	0.145884
0	13716	1.165204	0.145954
0	13723	1.165524	0.146024
0	13730	1.165844	0.146094
0	13736	1.166164	0.146164
0	13742	1.166484	0.146234
0	13750	1.166804	0.146304
0	13756	1.167124	0.146374
0	13762	1.167444	0.146444
0	13769	1.167764	0.146514
0	13776	1.168084	0.146584
0	13782	1.168404	0.146654
0	13788	1.168724	0.146724
0	13796	1.169044	0.146794
0	13802	1.169364	0.146864
0	13808	1.169684	0.146934
0	13815	1.170004	0.147004
0	13822	1.170324	0.147074
0	13828	1.170644	0.147144
0	13834	1.170964	0.147214
0	13842	1.171284	0.147284
0	13848	1.171604	0.147354
0	13854	1.171924	0.147424
0	13860	1.172244	0.147494
0	13868	1.172564	0.147564
0	13874	1.172884	0.147634
0	13880	1.173204	0.147704
0	13887	1.173524	0.147774
0	13894	1.173844	0.147844
0	13900	1.174164	0.147914
0	13906	1.174484	0.147984
0	13914	1.174804	0.148054
0	13920	1.175124	0.148124
0	13926	1.175444	0.148194
0	13933	1.175764	0.148264
0	13940	1.176084	0.148334
0	13946	1.176404	0.148404
0	13952	1.176724	0.148474
0	13960	1.177044	0.148544
0	13966	1.177364	0.148614
0	13972	1.177684	0.148684
0	13979	1.178004	0.148754
0	13986	1.178324	0.148824
0	13992	1.178644	0.148894
0	13998	1.178964	0.148964
0	14006	1.179284	0.149034
0	14012	1.179604	0.149104
0	14018	1.179924	0.149174
0	14024	1.180244	0.149244
0	14032	1.180564	0.149314
0	14038	1.180884	0.149384
0	14044	1.181204	0.149454
0	14051	1.181524	0.149524
0	14058	1.181844	0.149594
0	14064	1.182164	0.149664
0	14070	1.182484	0.149734
0	14078	1.182804	0.149804
0	14084	1.183124	0.149874
0	14090	1.183444	0.149944
0	14097	1.183764	0.150014
0	14104	1.184084	0.150084
0	14110	1.184404	0.150154
0	14116	1.184724	0.150224
0	14124	1.185044	0.150294
0	14130	1.185364	0.150364
0	14136	1.185684	0.150434
0	14143	1.186004	0.150504
0	14150	1.186324	0.150574
0	14156	1.186644	0.150644
0	14162	1.186964	0.150714
0	14170	1.187284	0.150784
0	14176	1.187604	0.150854
0	14182	1.187924	0.150924
0	14188	1.188244	0.150994
0	14196	1.188564	0.151064
0	14202	1.188884	0.151134
0	14208	1.189204	0.151204
0	14215	1.189524	0.151274
0	14222	1.189844	0.151344
0	14228	1.190164	0.151414
0	14234	1.190484	0.151484
0	14242	1.190804	0.151554
0	14248	1.191124	0.151624
0	14254	1.191444	0.151694
0	14261	1.191764	0.151764
0	14268	1.192084	0.151834
0	14274	1.192404	0.151904
0	14280	1.192724	0.151974
0	14288	1.193044	0.152044
0	14294	1.193364	0.152114
0	14300	1.193684	0.152184
0	14307	1.194004	0.152254
0	14314	1.194324	0.152324
0	14320	1.194644	0.152394
0	14326	1.194964	0.152464
0	14334	1.195284	0.152534
0	14340	1.195604	0.152604
0	14346	1.195924	0.152674
0	14352	1.196244	0.152744
0	14360	1.196564	0.152814
0	14366	1.196884	0.152884
0	14372	1.197204	0.152954
0	14379	1.197524	0.153024
0	14386	1.197844	0.153094
0	14392	1.198164	0.153164
0	14398	1.198484	0.153234
0	14406	1.198804	0.153304
0	14412	1.199124	0.153374
0	14418	1.199444	0.153444
0	14425	1.199764	0.153514
0	14432	1.200084	0.153584
0	14438	1.200404	0.153654
0	14444	1.200724	0.153724
0	14452	1.201044	0.153794
0	14458	1.201364	0.153864
0	14464	1.201684	0.153934
0	14471	1.202004	0.154004
0	14478	1.202324	0.154074
0	14484	1.202644	0.154144
0	14490	1.202964	0.154214
0	14498	1.203284	0.154284
0	14504	1.203604	0.154354
0	14510	1.203924	0.154424
0	14516	1.204244	0.154494
0	14524	1.204564	0.154564
0	14530	1.204884	0.154634
0	14536	1.205204	0.154704
0	14543	1.205524	0.154774
0	14550	1.205844	0.154844
0	14556	1.206164	0.154914
0	14562	1.206484	0.154984
0	14570	1.206804	0.155054
0	14576	1.207124	0.155124
0	14582	1.207444	0.155194
0	14589	1.207764	0.155264
0	14596	1.208084	0.155334
0	14602	1.208404	0.155404
0	14608	1.208724	0.155474
0	14616	1.209044	0.155544
0	14622	1.209364	0.155614
0	14628	1.209684	0.155684
0	14635	1.210004	0.155754
0	14642	1.210324	0.155824
0	14648	1.210644	0.155894
0	14654	1.210964	0.155964
0	14662	1.211284	0.156034
0	14668	1.211604	0.156104
0	14674	1.211924	0.156174
0	14680	1.212244	0.156244
0	14688	1.212564	0.156314
0	14694	1.212884	0.156384
0	14700	1.213204	0.156454
0	14707	1.213524	0.156524
0	14714	1.213844	0.156594
0	14720	1.214164	0.156664
0	14726	1.214484	0.156734
0	14734	1.214804	0.156804
0	14740	1.215124	0.156874
0	14746	1.215444	0.156944
0	14753	1.215764	0.157014
0	14760	1.216084	0.157084
0	14766	1.216404	0.157154
0	14772	1.216724	0.157224
0	14780	1.217044	0.157294
0	14786	1.217364	0.157364
0	14792	1.217684	0.157434
0	14799	1.218004	0.157504
0	14806	1.218324	0.157574
0	14812	1.218644	0.157644
0	14818	1.218964	0.157714
0	14826	1.219284	0.157784
0	14832	1.219604	0.157854
0	14838	1.219924	0.157924
0	14844	1.220244	0.157994
0	14852	1.220564	0.158064
0	14858	1.220884	0.158134
0	14864	1.221204	0.158204
0	14871	1.221524	0.158274
0	14878	1.221844	0.158344
0	14884	1.222164	0.158414
0	14890	1.222484	0.158484
0	14898	1.222804	0.158554
0	14904	1.223124	0.158624
0	14910	1.223444	0.158694
0	14917	1.223764	0.158764
0	14924	1.224084	0.158834
0	14930	1.224404	0.158904
0	14936	1.224724	0.158974
0	14944	1.225044	0.159044
0	14950	1.225364	0.159114
0	14956	1.225684	0.159184
0	14963	1.226004	0.159254
0	14970	1.226324	0.159324
0	14976	1.226644	0.159394
0	14982	1.226964	0.159464
0	14990	1.227284	0.159534
0	14996	1.227604	0.159604
0	15002	1.227924	0.159674
0	15008	1.228244	0.159744
0	15016	1.228564	0.159814
0	15022	1.228884	0.159884
0	15028	1.229204	0.159954
0	15035	1.229524	0.160024
0	15042	1.229844	0.160094
0	15048	1.230164	0.160164
0	15054	1.230484	0.160234
0	15062	1.230804	0.160304
0	15068	1.231124	0.160374
0	15074	1.231444	0.160444
0	15081	1.231764	0.160514
0	15088	1.232084	0.160584
0	15094	1.232404	0.160654
0	15100	1.232724	0.160724
0	15108	1.233044	0.160794
0	15114	1.233364	0.160864
0	15120	1.233684	0.160934
0	15127	1.234004	0.161004
0	15134	1.234324	0.161074
0	15140	1.234644	0.161144
0	15146	1.234964	0.161214
0	15154	1.235284	0.161284
0	15160	1.235604	0.161354
0	15166	1.235924	0.161424
0	15172	1.236244	0.161494
0	15180	1.236564	0.161564
0	15186	1.236884	0.161634
0	15192	1.237204	0.161704
0	15199	1.237524	0.161774
0	15206	1.237844	0.161844
0	15212	1.238164	0.161914
0	15218	1.238484	0.161984
0	15226	1.238804	0.162054
0	15232	1.239124	0.162124
0	15238	1.239444	0.162194
0	15245	1.239764	0.162264
0	15252	1.240084	0.162334
0	15258	1.240404	0.162404
0	15264	1.240724	0.162474
0	15272	1.241044	0.162544
0	15278	1.241364	0.162614
0	15284	1.241684	0.162684
0	15291	1.242004	0.162754
0	15298	1.242324	0.162824
0	15304	1.242644	0.162894
0	15310	1.242964	0.162964
0	15318	1.243284	0.163034
0	15324	1.243604	0.163104
0	15330	1.243924	0.163174
0	15336	1.244244	0.163244
0	15344	1.244564	0.163314
0	15350	1.244884	0.163384
0	15356	1.245204	0.163454
0	15363	1.245524	0.163524
0	15370	1.245844	0.163594
0	15376	1.246164	0.163664
0	15382	1.246484	0.163734
0	15390	1.246804	0.163804
0	15396	1.247124	0.163874
0	15402	1.247444	0.163944
0	15409	1.247764	0.164014
0	15416	1.248084	0.164084
0	15422	1.248404	0.164154
0	15428	1.248724	0.164224
0	15436	1.249044	0.164294
0	15442	1.249364	0.164364
0	15448	1.249684	0.164434
0	15455	1.250004	0.164504
0	15462	1.250324	0.164574
0	15468	1.250644	0.164644
0	15474	1.250964	0.164714
0	15482	1.251284	0.164784
0	15488	1.251604	0.164854
0	15494	1.251924	0.164924
0	15500	1.252244	0.164994
0	15508	1.252564	0.165064
0	15514	1.252884	0.165134
0	15520	1.253204	0.165204
0	15527	1.253524	0.165274
0	15534	1.253844	0.165344
0	15540	1.254164	0.165414
0	15546	1.254484	0.165484
0	15554	1.254804	0.165554
0	15560	1.255124	0.165624
0	15566	1.255444	0.165694
0	15573	1.255764	0.165764
0	15580	1.256084	0.165834
0	15586	1.256404	0.165904
0	15592	1.256724	0.165974
0	15600	1.257044	0.166044
0	15606	1.257364	0.166114
0	15612	1.257684	0.166184
0	15619	1.258004	0.166254
0	15626	1.258324	0.166324
0	15632	1.258644	0.166394
0	15638	1.258964	0.166464
0	15646	1.259284	0.166534
0	15652	1.259604	0.166604
0	15658	1.259924	0.166674
0	15664	1.260244	0.166744
0	15672	1.260564	0.166814
0	15678	1.260884	0.166884
0	15684	1.261204	0.166954
0	15691	1.261524	0.167024
0	15698	1.261844	0.167094
0	15704	1.262164	0.167164
0	15710	1.262484	0.167234
0	15718	1.262804	0.167304
0	15724	1.263124	0.167374
0	15730	1.263444	0.167444
0	15737	1.263764	0.167514
0	15744	1.264084	0.167584
0	15750	1.264404	0.167654
0	15756	1.264724	0.167724
0	15764	1.265044	0.167794
0	15770	1.265364	0.167864
0	15776	1.265684	0.167934
0	15783	1.266004	0.168004
0	15790	1.266324	0.168074
0	15796	1.266644	0.168144
0	15802	1.266964	0.168214
0	15810	1.267284	0.168284
0	15816	1.267604	0.168354
0	15822	1.267924	0.168424
0	15828	1.268244	0.168494
0	15836	1.268564	0.168564
0	15842	1.268884	0.168634
0	15848	1.269204	0.168704
0	15855	1.269524	0.168774
0	15862	1.269844	0.168844
0	15868	1.270164	0.168914
0	15874	1.270484	0.168984
0	15882	1.270804	0.169054
0	15888	1.271124	0.169124
0	15894	1.271444	0.169194
0	15901	1.271764	0.169264
0	15908	1.272084	0.169334
0	15914	1.272404	0.169404
0	15920	1.272724	0.169474
0	15928	1.273044	0.169544
0	15934	1.273364	0.169614
0	15940	1.273684	0.169684
0	15947	1.274004	0.169754
0	15954	1.274324	0.169824
0	15960	1.274644	0.169894
0	15966	1.274964	0.169964
0	15974	1.275284	0.170034
0	15980	1.275604	0.170104
0	15986	1.275924	0.170174
0	15992	1.276244	0.170244
0	16000	1.276564	0.170314
0	16006	1.276884	0.170384
0	16012	1.277204	0.170454
0	16019	1.277524	0.170524
0	16026	1.277844	0.170594
0	16032	1.278164	0.170664
0	16038	1.278484	0.170734
0	16046	1.278804	0.170804
0	16052	1.279124	0.170874
0	16058	1.279444	0.170944
0	16065	1.279764	0.171014
0	16072	1.280084	0.171084
0	16078	1.280404	0.171154
0	16084	1.280724	0.171224
0	16092	1.281044	0.171294
0	16098	1.281364	0.171364
0	16104	1.281684	0.171434
0	16111	1.282004	0.171504
0	16118	1.282324	0.171574
0	16124	1.282644	0.171644
0	16130	1.282964	0.171714
0	16138	1.283284	0.171784
0	16144	1.283604	0.171854
0	16150	1.283924	0.171924
0	16156	1.284244	0.171994
0	16164	1.284564	0.172064
0	16170	1.284884	0.172134
0	16176	1.285204	0.172204
0	16183	1.285524	0.172274
0	16190	1.285844	0.172344
0	16196	1.286164	0.172414
0	16202	1.286484	0.172484
0	16210	1.286804	0.172554
0	16216	1.287124	0.172624
0	16222	1.287444	0.172694
0	16229	1.287764	0.172764
0	16236	1.288084	0.172834
0	16242	1.288404	0.172904
0	16248	1.288724	0.172974
0	16256	1.289044	0.173044
0	16262	1.289364	0.173114
0	16268	1.289684	0.173184
0	16275	1.290004	0.173254
0	16282	1.290324	0.173324
0	16288	1.290644	0.173394
0	16294	1.290964	0.173464
0	16302	1.291284	0.173534
0	16308	1.291604	0.173604
0	16314	1.291924	0.173674
0	16320	1.292244	0.173744
0	16328	1.292564	0.173814
0	16334	1.292884	0.173884
0	16340	1.293204	0.173954
0	16347	1.293524	0.174024
0	16354	1.293844	0.174094
0	16360	1.294164	0.174164
0	16366	1.294484	0.174234
0	16374	1.294804	0.174304
0	16380	1.295124	0.174374
0	16386	1.295444	0.174444
0	16393	1.295764	0.174514
0	16400	1.296084	0.174584
0	16406	1.296404	0.174654
0	16412	1.296724	0.174724
0	16420	1.297044	0.174794
0	16426	1.297364	0.174864
0	16432	1.297684	0.174934
0	16439	1.298004	0.175004
0	16446	1.298324	0.175074
0	16452	1.298644	0.175144
0	16458	1.298964	0.175214
0	16466	1.299284	0.175284
0	16472	1.299604	0.175354
0	16478	1.299924	0.175424
0	16484	1.300244	0.175494
0	16492	1.300564	0.175564
0	16498	1.300884	0.175634
0	16504	1.301204	0.175704
0	16511	1.301524	0.175774
0	16518	1.301844	0.175844
0	16524	1.302164	0.175914
0	16530	1.302484	0.175984
0	16538	1.302804	0.176054
0	16544	1.303124	0.176124
0	16550	1.303444	0.176194
0	16557	1.303764	0.176264
0	16564	1.304084	0.176334
0	16570	1.304404	0.176404
0	16576	1.304724	0.176474
0	16584	1.305044	0.176544
0	16590	1.305364	0.176614
0	16596	1.305684	0.176684
0	16603	1.306004	0.176754
0	16610	1.306324	0.176824
0	16616	1.306644	0.176894
0	16622	1.306964	0.176964
0	16630	1.307284	0.177034
0	16636	1.307604	0.177104
0	16642	1.307924	0.177174
0	16648	1.308244	0.177244
0	16656	1.308564	0.177314
0	16662	1.308884	0.177384
0	16668	1.309204	0.177454
0	16675	1.309524	0.177524
0	16682	1.309844	0.177594
0	16688	1.310164	0.177664
0	16694	1.310484	0.177734
0	16702	1.310804	0.177804
0	16708	1.311124	0.177874
0	16714	1.311444	0.177944
0	16721	1.311764	0.178014
0	16728	1.312084	0.178084
0	16734	1.312404	0.178154
0	16740	1.312724	0.178224
0	16748	1.313044	0.178294
0	16754	1.313364	0.178364
0	16760	1.313684	0.178434
0	16767	1.314004	0.178504
0	16774	1.314324	0.178574
0	16780	1.314644	0.178644
0	16786	1.314964	0.178714
0	16794	1.315284	0.178784
0	16800	1.315604	0.178854
0	16806	1.315924	0.178924
0	16812	1.316244	0.178994
0	16820	1.316564	0.179064
0	16826	1.316884	0.179134
0	16832	1.317204	0.179204
0	16839	1.317524	0.179274
0	16846	1.317844	0.179344
0	16852	1.318164	0.179414
0	16858	1.318484	0.179484
0	16866	1.318804	0.179554
0	16872	1.319124	0.179624
0	16878	1.319444	0.179694
0	16885	1.319764	0.179764
0	16892	1.320084	0.179834
0	16898	1.320404	0.179904
0	16904	1.320724	0.179974
0	16912	1.321044	0.180044
0	16918	1.321364	0.180114
0	16924	1.321684	0.180184
0	16931	1.322004	0.180254
0	16938	1.322324	0.180324
0	16944	1.322644	0.180394
0	16950	1.322964	0.180464
0	16958	1.323284	0.180534
0	16964	1.323604	0.180604
0	16970	1.323924	0.180674
0	16976	1.324244	0.180744
0	16984	1.324564	0.180814
0	16990	1.324884	0.180884
0	16996	1.325204	0.180954
0	17003	1.325524	0.181024
0	17010	1.325844	0.181094
0	17016	1.326164	0.181164
0	17022	1.326484	0.181234
0	17030	1.326804	0.181304
0	17036	1.327124	0.181374
0	17042	1.327444	0.181444
0	17049	1.327764	0.181514
0	17056	1.328084	0.181584
0	17062	1.328404	0.181654
0	17068	1.328724	0.181724
0	17076	1.329044	0.181794
0	17082	1.329364	0.181864
0	17088	1.329684	0.181934
0	17095	1.330004	0.182004
0	17102	1.330324	0.182074
0	17108	1.330644	0.182144
0	17114	1.330964	0.182214
0	17122	1.331284	0.182284
0	17128	1.331604	0.182354
0	17134	1.331924	0.182424
0	17140	1.332244	0.182494
0	17148	1.332564	0.182564
0	17154	1.332884	0.182634
0	17160	1.333204	0.182704
0	17167	1.333524	0.182774
0	17174	1.333844	0.182844
0	17180	1.334164	0.182914
0	17186	1.334484	0.182984
0	17194	1.334804	0.183054
0	17200	1.335124	0.183124
0	17206	1.335444	0.183194
0	17213	1.335764	0.183264
0	17220	1.336084	0.183334
0	17226	1.336404	0.183404
0	17232	1.336724	0.183474
0	17240	1.337044	0.183544
0	17246	1.337364	0.183614
0	17252	1.337684	0.183684
0	17259	1.338004	0.183754
0	17266	1.338324	0.183824
0	17272	1.338644	0.183894
0	17278	1.338964	0.183964
0	17286	1.339284	0.184034
0	17292	1.339604	0.184104
0	17298	1.339924	0.184174
0	17304	1.340244	0.184244
0	17312	1.340564	0.184314
0	17318	1.340884	0.184384
0	17324	1.341204	0.184454
0	17331	1.341524	0.184524
0	17338	1.341844	0.184594
0	17344	1.342164	0.184664
0	17350	1.342484	0.184734
0	17358	1.342804	0.184804
0	17364	1.343124	0.184874
0	17370	1.343444	0.184944
0	17377	1.343764	0.185014
0	17384	1.344084	0.185084
0	17390	1.344404	0.185154
0	17396	1.344724	0.185224
0	17404	1.345044	0.185294
0	17410	1.345364	0.185364
0	17416	1.345684	0.185434
0	17423	1.346004	0.185504
0	17430	1.346324	0.185574
0	17436	1.346644	0.185644
0	17442	1.346964	0.185714
0	17450	1.347284	0.185784
0	17456	1.347604	0.185854
0	17462	1.347924	0.185924
0	17468	1.348244	0.185994
0	17476	1.348564	0.186064
0	17482	1.348884	0.186134
0	17488	1.349204	0.186204
0	17495	1.349524	0.186274
0	17502	1.349844	0.186344
0	17508	1.350164	0.186414
0	17514	1.350484	0.186484
0	17522	1.350804	0.186554
0	17528	1.351124	0.186624
0	17534	1.351444	0.186694
0	17541	1.351764	0.186764
0	17548	1.352084	0.186834
0	17554	1.352404	0.186904
0	17560	1.352724	0.186974
0	17568	1.353044	0.187044
0	17574	1.353364	0.187114
0	17580	1.353684	0.187184
0	17587	1.354004	0.187254
0	17594	1.354324	0.187324
0	17600	1.354644	0.187394
0	17606	1.354964	0.187464
0	17614	1.355284	0.187534
0	17620	1.355604	0.187604
0	17626	1.355924	0.187674
0	17632	1.356244	0.187744
0	17640	1.356564	0.187814
0	17646	1.356884	0.187884
0	17652	1.357204	0.187954
0	17659	1.357524	0.188024
0	17666	1.357844	0.188094
0	17672	1.358164	0.188164
0	17678	1.358484	0.188234
0	17686	1.358804	0.188304
0	17692	1.359124	0.188374
0	17698	1.359444	0.188444
0	17705	1.359764	0.188514
0	17712	1.360084	0.188584
0	17718	1.360404	0.188654
0	17724	1.360724	0.188724
0	17732	1.361044	0.188794
0	17738	1.361364	0.188864
0	17744	1.361684	0.188934
0	17751	1.362004	0.189004
0	17758	1.362324	0.189074
0	17764	1.362644	0.189144
0	17770	1.362964	0.189214
0	17778	1.363284	0.189284
0	17784	1.363604	0.189354
0	17790	1.363924	0.189424
0	17796	1.364244	0.189494
0	17804	1.364564	0.189564
0	17810	1.364884	0.189634
0	17816	1.365204	0.189704
0	17823	1.365524	0.189774
0	17830	1.365844	0.189844
0	17836	1.366164	0.189914
0	17842	1.366484	0.189984
0	17850	1.366804	0.190054
0	17856	1.367124	0.190124
0	17862	1.367444	0.190194
0	17869	1.367764	0.190264
0	17876	1.368084	0.190334
0	17882	1.368404	0.190404
0	17888	1.368724	0.190474
0	17896	1.369044	0.190544
0	17902	1.369364	0.190614
0	17908	1.369684	0.190684
0	17915	1.370004	0.190754
0	17922	1.370324	0.190824
0	17928	1.370644	0.190894
0	17934	1.370964	0.190964
0	17942	1.371284	0.191034
0	17948	1.371604	0.191104
0	17954	1.371924	0.191174
0	17960	1.372244	0.191244
0	17968	1.372564	0.191314
0	17974	1.372884	0.191384
0	17980	1.373204	0.191454
0	17987	1.373524	0.191524
0	17994	1.373844	0.191594
0	18000	1.374164	0.191664
0	18006	1.374484	0.191734
0	18014	1.374804	0.191804
0	18020	1.375124	0.191874
0	18026	1.375444	0.191944
0	18033	1.375764	0.192014
0	18040	1.376084	0.192084
0	18046	1.376404	0.192154
0	18052	1.376724	0.192224
0	18060	1.377044	0.192294
0	18066	1.377364	0.192364
0	18072	1.377684	0.192434
0	18079	1.378004	0.192504
0	18086	1.378324	0.192574
0	18092	1.378644	0.192644
0	18098	1.378964	0.192714
0	18106	1.379284	0.192784
0	18112	1.379604	0.192854
0	18118	1.379924	0.192924
0	18124	1.380244	0.192994
0	18132	1.380564	0.193064
0	18138	1.380884	0.193134
0	18144	1.381204	0.193204
0	18151	1.381524	0.193274
0	18158	1.381844	0.193344
0	18164	1.382164	0.193414
0	18170	1.382484	0.193484
0	18178	1.382804	0.193554
0	18184	1.383124	0.193624
0	18190	1.383444	0.193694
0	18197	1.383764	0.193764
0	18204	1.384084	0.193834
0	18210	1.384404	0.193904
0	18216	1.384724	0.193974
0	18224	1.385044	0.194044
0	18230	1.385364	0.194114
0	18236	1.385684	0.194184
0	18243	1.386004	0.194254
0	18250	1.386324	0.194324
0	18256	1.386644	0.194394
0	18262	1.386964	0.194464
0	18270	1.387284	0.194534
0	18276	1.387604	0.194604
0	18282	1.387924	0.194674
0	18288	1.388244	0.194744
0	18296	1.388564	0.194814
0	18302	1.388884	0.194884
0	18308	1.389204	0.194954
0	18315	1.389524	0.195024
0	18322	1.389844	0.195094
0	18328	1.390164	0.195164
0	18334	1.390484	0.195234
0	18342	1.390804	0.195304
0	18348	1.391124	0.195374
0	18354	1.391444	0.195444
0	18361	1.391764	0.195514
0	18368	1.392084	0.195584
0	18374	1.392404	0.195654
0	18380	1.392724	0.195724
0	18388	1.393044	0.195794
0	18394	1.393364	0.195864
0	18400	1.393684	0.195934
0	18407	1.394004	0.196004
0	18414	1.394324	0.196074
0	18420	1.394644	0.196144
0	18426	1.394964	0.196214
0	18434	1.395284	0.196284
0	18440	1.395604	0.196354
0	18446	1.395924	0.196424
0	18452	1.396244	0.196494
0	18460	1.396564	0.196564
0	18466	1.396884	0.196634
0	18472	1.397204	0.196704
0	18479	1.397524	0.196774
0	18486	1.397844	0.196844
0	18492	1.398164	0.196914
0	18498	1.398484	0.196984
0	18506	1.398804	0.197054
0	18512	1.399124	0.197124
0	18518	1.399444	0.197194
0	18525	1.399764	0.197264
0	18532	1.400084	0.197334
0	18538	1.400404	0.197404
0	18544	1.400724	0.197474
0	18552	1.401044	0.197544
0	18558	1.401364	0.197614
0	18564	1.401684	0.197684
0	18571	1.402004	0.197754
0	18578	1.402324	0.197824
0	18584	1.402644	0.197894
0	18590	1.402964	0.197964
0	18598	1.403284	0.198034
0	18604	1.403604	0.198104
0	18610	1.403924	0.198174
0	18616	1.404244	0.198244
0	18624	1.404564	0.198314
0	18630	1.404884	0.198384
0	18636	1.405204	0.198454
0	18643	1.405524	0.198524
0	18650	1.405844	0.198594
0	18656	1.406164	0.198664
0	18662	1.406484	0.198734
0	18670	1.406804	0.198804
0	18676	1.407124	0.198874
0	18682	1.407444	0.198944
0	18689	1.407764	0.199014
0	18696	1.408084	0.199084
0	18702	1.408404	0.199154
0	18708	1.408724	0.199224
0	18716	1.409044	0.199294
0	18722	1.409364	0.199364
0	18728	1.409684	0.199434
0	18735	1.410004	0.199504
0	18742	1.410324	0.199574
0	18748	1.410644	0.199644
0	18754	1.410964	0.199714
0	18762	1.411284	0.199784
0	18768	1.411604	0.199854
0	18774	1.411924	0.199924
0	18780	1.412244	0.199994
0	18788	1.412564	0.200064
0	18794	1.412884	0.200134
0	18800	1.413204	0.200204
0	18807	1.413524	0.200274
0	18814	1.413844	0.200344
0	18820	1.414164	0.200414
0	18826	1.414484	0.200484
0	18834	1.414804	0.200554
0	18840	1.415124	0.200624
0	18846	1.415444	0.200694
0	18853	1.415764	0.200764
0	18860	1.416084	0.200834
0	18866	1.416404	0.200904
0	18872	1.416724	0.200974
0	18880	1.417044	0.201044
0	18886	1.417364	0.201114
0	18892	1.417684	0.201184
0	18899	1.418004	0.201254
0	18906	1.418324	0.201324
0	18912	1.418644	0.201394
0	18918	1.418964	0.201464
0	18926	1.419284	0.201534
0	18932	1.419604	0.201604
0	18938	1.419924	0.201674
0	18944	1.420244	0.201744
0	18952	1.420564	0.201814
0	18958	1.420884	0.201884
0	18964	1.421204	0.201954
0	18971	1.421524	0.202024
0	18978	1.421844	0.202094
0	18984	1.422164	0.202164
0	18990	1.422484	0.202234
0	18998	1.422804	0.202304
0	19004	1.423124	0.202374
0	19010	1.423444	0.202444
0	19017	1.423764	0.202514
0	19024	1.424084	0.202584
0	19030	1.424404	0.202654
0	19036	1.424724	0.202724
0	19044	1.425044	0.202794
0	19050	1.425364	0.202864
0	19056	1.425684	0.202934
0	19063	1.426004	0.203004
0	19070	1.426324	0.203074
0	19076	1.426644	0.203144
0	19082	1.426964	0.203214
0	19090	1.427284	0.203284
0	19096	1.427604	0.203354
0	19102	1.427924	0.203424
0	19108	1.428244	0.203494
0	19116	1.428564	0.203564
0	19122	1.428884	0.203634
0	19128	1.429204	0.203704
0	19135	1.429524	0.203774
0	19142	1.429844	0.203844
0	19148	1.430164	0.203914
0	19154	1.430484	0.203984
0	19162	1.430804	0.204054
0	19168	1.431124	0.204124
0	19174	1.431444	0.204194
0	19181	1.431764	0.204264
0	19188	1.432084	0.204334
0	19194	1.432404	0.204404
0	19200	1.432724	0.204474
0	19208	1.433044	0.204544
0	19214	1.433364	0.204614
0	19220	1.433684	0.204684
0	19227	1.434004	0.204754
0	19234	1.434324	0.204824
0	19240	1.434644	0.204894
0	19246	1.434964	0.204964
0	19254	1.435284	0.205034
0	19260	1.435604	0.205104
0	19266	1.435924	0.205174
0	19272	1.436244	0.205244
0	19280	1.436564	0.205314
0	19286	1.436884	0.205384
0	19292	1.437204	0.205454
0	19299	1.437524	0.205524
0	19306	1.437844	0.205594
0	19312	1.438164	0.205664
0	19318	1.438484	0.205734
0	19326	1.438804	0.205804
0	19332	1.439124	0.205874
0	19338	1.439444	0.205944
0	19345	1.439764	0.206014
0	19352	1.440084	0.206084
0	19358	1.440404	0.206154
0	19364	1.440724	0.206224
0	19372	1.441044	0.206294
0	19378	1.441364	0.206364
0	19384	1.441684	0.206434
0	19391	1.442004	0.206504
0	19398	1.442324	0.206574
0	19404	1.442644	0.206644
0	19410	1.442964	0.206714
0	19418	1.443284	0.206784
0	19424	1.443604	0.206854
0	19430	1.443924	0.206924
0	19436	1.444244	0.206994
0	19444	1.444564	0.207064
0	19450	1.444884	0.207134
0	19456	1.445204	0.207204
0	19463	1.445524	0.207274
0	19470	1.445844	0.207344
0	19476	1.446164	0.207414
0	19482	1.446484	0.207484
0	19490	1.446804	0.207554
0	19496	1.447124	0.207624
0	19502	1.447444	0.207694
0	19509	1.447764	0.207764
0	19516	1.448084	0.207834
0	19522	1.448404	0.207904
0	19528	1.448724	0.207974
0	19536	1.449044	0.208044
0	19542	1.449364	0.208114
0	19548	1.449684	0.208184
0	19555	1.450004	0.208254
0	19562	1.450324	0.208324
0	19568	1.450644	0.208394
0	19574	1.450964	0.208464
0	19582	1.451284	0.208534
0	19588	1.451604	0.208604
0	19594	1.451924	0.208674
0	19600	1.452244	0.208744
0	19608	1.452564	0.208814
0	19614	1.452884	0.208884
0	19620	1.453204	0.208954
0	19627	1.453524	0.209024
0	19634	1.453844	0.209094
0	19640	1.454164	0.209164
0	19646	1.454484	0.209234
0	19654	1.454804	0.209304
0	19660	1.455124	0.209374
0	19666	1.455444	0.209444
0	19673	1.455764	0.209514
0	19680	1.456084	0.209584
0	19686	1.456404	0.209654
0	19692	1.456724	0.209724
0	19700	1.457044	0.209794
0	19706	1.457364	0.209864
0	19712	1.457684	0.209934
0	19719	1.458004	0.210004
0	19726	1.458324	0.210074
0	19732	1.458644	0.210144
0	19738	1.458964	0.210214
0	19746	1.459284	0.210284
0	19752	1.459604	0.210354
0	19758	1.459924	0.210424
0	19764	1.460244	0.210494
0	19772	1.460564	0.210564
0	19778	1.460884	0.210634
0	19784	1.461204	0.210704
0	19791	1.461524	0.210774
0	19798	1.461844	0.210844
0	19804	1.462164	0.210914
0	19810	1.462484	0.210984
0	19818	1.462804	0.211054
0	19824	1.463124	0.211124
0	19830	1.463444	0.211194
0	19837	1.463764	0.211264
0	19844	1.464084	0.211334
0	19850	1.464404	0.211404
0	19856	1.464724	0.211474
0	19864	1.465044	0.211544
0	19870	1.465364	0.211614
0	19876	1.465684	0.211684
0	19883	1.466004	0.211754
0	19890	1.466324	0.211824
0	19896	1.466644	0.211894
0	19902	1.466964	0.211964
0	19910	1.467284	0.212034
0	19916	1.467604	0.212104
0	19922	1.467924	0.212174
0	19928	1.468244	0.212244
0	19936	1.468564	0.212314
0	19942	1.468884	0.212384
0	19948	1.469204	0.212454
0	19955	1.469524	0.212524
0	19962	1.469844	0.212594
0	19968	1.470164	0.212664
0	19974	1.470484	0.212734
0	19982	1.470804	0.212804
0	19988	1.471124	0.212874
0	19994	1.471444	0.212944
0	20001	1.471764	0.213014
0	20008	1.472084	0.213084
0	20014	1.472404	0.213154
0	20020	1.472724	0.213224
0	20028	1.473044	0.213294
0	20034	1.473364	0.213364
0	20040	1.473684	0.213434
0	20047	1.474004	0.213504
0	20054	1.474324	0.213574
0	20060	1.474644	0.213644
0	20066	1.474964	0.213714
0	20074	1.475284	0.213784
0	20080	1.475604	0.213854
0	20086	1.475924	0.213924
0	20092	1.476244	0.213994
0	20100	1.476564	0.214064
0	20106	1.476884	0.214134
0	20112	1.477204	0.214204
0	20119	1.477524	0.214274
0	20126	1.477844	0.214344
0	20132	1.478164	0.214414
0	20138	1.478484	0.214484
0	20146	1.478804	0.214554
0	20152	1.479124	0.214624
0	20158	1.479444	0.214694
0	20165	1.479764	0.214764
0	20172	1.480084	0.214834
0	20178	1.480404	0.214904
0	20184	1.480724	0.214974
0	20192	1.481044	0.215044
0	20198	1.481364	0.215114
0	20204	1.481684	0.215184
0	20211	1.482004	0.215254
0	20218	1.482324	0.215324
0	20224	1.482644	0.215394
0	20230	1.482964	0.215464
0	20238	1.483284	0.215534
0	20244	1.483604	0.215604
0	20250	1.483924	0.215674
0	20256	1.484244	0.215744
0	20264	1.484564	0.215814
0	20270	1.484884	0.215884
0	20276	1.485204	0.215954
0	20283	1.485524	0.216024
0	20290	1.485844	0.216094
0	20296	1.486164	0.216164
0	20302	1.486484	0.216234
0	20310	1.486804	0.216304
0	20316	1.487124	0.216374
0	20322	1.487444	0.216444
0	20329	1.487764	0.216514
0	20336	1.488084	0.216584
0	20342	1.488404	0.216654
0	20348	1.488724	0.216724
0	20356	1.489044	0.216794
0	20362	1.489364	0.216864
0	20368	1.489684	0.216934
0	20375	1.490004	0.217004
0	20382	1.490324	0.217074
0	20388	1.490644	0.217144
0	20394	1.490964	0.217214
0	20402	1.491284	0.217284
0	20408	1.491604	0.217354
0	20414	1.491924	0.217424
0	20420	1.492244	0.217494
0	20428	1.492564	0.217564
0	20434	1.492884	0.217634
0	20440	1.493204	0.217704
0	20447	1.493524	0.217774
0	20454	1.493844	0.217844
0	20460	1.494164	0.217914
0	20466	1.494484	0.217984
0	20474	1.494804	0.218054
0	20480	1.495124	0.218124
0	20486	1.495444	0.218194
0	20493	1.495764	0.218264
0	20500	1.496084	0.218334
0	20506	1.496404	0.218404
0	20512	1.496724	0.218474
0	20520	1.497044	0.218544
0	20526	1.497364	0.218614
0	20532	1.497684	0.218684
0	20539	1.498004	0.218754
0	20546	1.498324	0.218824
0	20552	1.498644	0.218894
0	20558	1.498964	0.218964
0	20566	1.499284	0.219034
0	20572	1.499604	0.219104
0	20578	1.499924	0.219174

